360	  0.0047558	  0.0158213	  0.0353744	  0.0015221	  0.0117107	  0.0467603	  0.0181062	  0.0152059	  0.1021468	  0.0115186	  0.0210087	1
0	  0.0098347	  0.0282019	  0.0179577	  0.0089319	  0.0044070	  0.1300417	  0.0157108	  0.0199647	  0.0298464	  0.0150293	  0.0270218	2
0	  0.0170833	  0.0108028	  0.0132407	  0.0063940	  0.0002622	  0.1468350	  0.0110181	  0.0244884	  0.0583275	  0.0167670	  0.0369035	3
0	  0.0151979	  0.0244058	  0.0372287	  0.0092861	  0.0075533	  0.1809536	  0.0177888	  0.0197276	  0.0469039	  0.0199555	  0.0148389	4
0	  0.0141607	  0.0200304	  0.0380890	  0.0071632	  0.0021038	  0.0497489	  0.0155940	  0.0311630	  0.0248644	  0.0151053	  0.0158859	5
0	  0.0054842	  0.0227720	  0.0234462	  0.0003987	  0.0093450	  0.0247737	  0.0103810	  0.0148013	  0.0855881	  0.0168890	  0.0260413	6
0	  0.0137384	  0.0154491	  0.0239780	  0.0027656	  0.0090017	  0.1876631	  0.0108693	  0.0236167	  0.1896688	  0.0185572	  0.0136293	7
0	  0.0002833	  0.0146903	  0.0359894	  0.0043739	  0.0153910	  0.1760605	  0.0137693	  0.0383298	  0.1617136	  0.0183863	  0.0383997	8
0	  0.0117210	  0.0219833	  0.0195804	  0.0042116	  0.0180821	  0.0401078	  0.0183516	  0.0319582	  0.1034491	  0.0121213	  0.0135926	9
0	  0.0009673	  0.0185205	  0.0197735	  0.0010466	  0.0085783	  0.1283980	  0.0161870	  0.0333999	  0.1027259	  0.0198955	  0.0377755	10
0	  0.0128435	  0.0249473	  0.0386971	  0.0051597	  0.0044280	  0.0669300	  0.0181016	  0.0101908	  0.0633083	  0.0191917	  0.0210214	11
0	  0.0081450	  0.0274901	  0.0385678	  0.0099036	  0.0030081	  0.1141649	  0.0123713	  0.0331554	  0.0971655	  0.0173122	  0.0159147	12
0	  0.0094742	  0.0284759	  0.0357660	  0.0094580	  0.0079937	  0.0756092	  0.0120103	  0.0196602	  0.0738726	  0.0157069	  0.0231100	13
0	  0.0174878	  0.0228788	  0.0255382	  0.0089487	  0.0167840	  0.1311621	  0.0147633	  0.0226895	  0.0117169	  0.0160820	  0.0378264	14
0	  0.0069742	  0.0150563	  0.0223383	  0.0024644	  0.0195676	  0.0993409	  0.0168234	  0.0340629	  0.1715874	  0.0127649	  0.0280680	15
0	  0.0141386	  0.0127169	  0.0327698	  0.0037769	  0.0031538	  0.1326873	  0.0163527	  0.0268337	  0.0486267	  0.0195066	  0.0372170	16
0	  0.0084640	  0.0228919	  0.0383268	  0.0075439	  0.0152150	  0.0178505	  0.0196049	  0.0198361	  0.1496733	  0.0160963	  0.0268566	17
0	  0.0110449	  0.0240530	  0.0175266	  0.0048802	  0.0051973	  0.1465400	  0.0144985	  0.0294103	  0.0329369	  0.0104452	  0.0371015	18
0	  0.0169836	  0.0149773	  0.0278254	  0.0079521	  0.0023443	  0.0961439	  0.0102408	  0.0238322	  0.0737383	  0.0197940	  0.0249203	19
0	  0.0078444	  0.0146284	  0.0360735	  0.0034544	  0.0153686	  0.1577183	  0.0138566	  0.0193963	  0.1357646	  0.0191473	  0.0197803	20
0	  0.0114489	  0.0210165	  0.0106312	  0.0070338	  0.0101096	  0.0776288	  0.0163243	  0.0170409	  0.1889088	  0.0107747	  0.0350940	21
0	  0.0042832	  0.0174370	  0.0105272	  0.0065285	  0.0042794	  0.0892810	  0.0136793	  0.0182549	  0.1426888	  0.0134296	  0.0186156	22
0	  0.0008315	  0.0260465	  0.0353093	  0.0080413	  0.0026401	  0.1747543	  0.0147675	  0.0111592	  0.1222680	  0.0129353	  0.0263326	23
0	  0.0006488	  0.0158461	  0.0103282	  0.0046079	  0.0021561	  0.0534196	  0.0127304	  0.0152927	  0.0148648	  0.0127447	  0.0360595	24
0	  0.0132772	  0.0256215	  0.0170340	  0.0025854	  0.0143923	  0.0204655	  0.0103448	  0.0259548	  0.1855687	  0.0115547	  0.0107374	25
0	  0.0074005	  0.0127691	  0.0374776	  0.0030158	  0.0122959	  0.0625753	  0.0119145	  0.0255237	  0.0270817	  0.0164073	  0.0298530	26
0	  0.0073030	  0.0274127	  0.0167972	  0.0085900	  0.0018739	  0.0167112	  0.0111279	  0.0384778	  0.0410496	  0.0153527	  0.0265853	27
0	  0.0041138	  0.0183932	  0.0351079	  0.0020486	  0.0096005	  0.0438933	  0.0152134	  0.0342559	  0.1715204	  0.0165243	  0.0248823	28
0	  0.0060042	  0.0186443	  0.0189803	  0.0077610	  0.0162947	  0.0870680	  0.0169916	  0.0173073	  0.0624432	  0.0156832	  0.0273779	29
0	  0.0008011	  0.0129572	  0.0212915	  0.0064943	  0.0165170	  0.1717762	  0.0112592	  0.0398372	  0.1351026	  0.0143951	  0.0302194	30
0	  0.0186504	  0.0230427	  0.0312165	  0.0074170	  0.0054706	  0.0475395	  0.0135304	  0.0213287	  0.1520533	  0.0188610	  0.0340606	31
0	  0.0020721	  0.0243679	  0.0398533	  0.0018655	  0.0140802	  0.1608438	  0.0143464	  0.0128923	  0.0976968	  0.0133220	  0.0267631	32
0	  0.0083554	  0.0202294	  0.0264037	  0.0065958	  0.0121768	  0.1567297	  0.0130753	  0.0358113	  0.0225524	  0.0148573	  0.0196796	33
0	  0.0105503	  0.0101507	  0.0155777	  0.0070727	  0.0103159	  0.0795219	  0.0101834	  0.0254324	  0.1647788	  0.0124684	  0.0263856	34
0	  0.0064457	  0.0127404	  0.0262793	  0.0024180	  0.0097075	  0.1546642	  0.0132971	  0.0372693	  0.1903164	  0.0109689	  0.0241983	35
0	  0.0024541	  0.0289710	  0.0340002	  0.0092593	  0.0184101	  0.1199987	  0.0101845	  0.0307729	  0.1287408	  0.0127709	  0.0395292	36
0	  0.0145202	  0.0299908	  0.0159135	  0.0055016	  0.0185556	  0.1383317	  0.0156153	  0.0209066	  0.0987597	  0.0118555	  0.0154198	37
0	  0.0073443	  0.0114245	  0.0359543	  0.0029978	  0.0079239	  0.1729739	  0.0118995	  0.0324617	  0.0416337	  0.0167796	  0.0167425	38
0	  0.0176867	  0.0198635	  0.0179631	  0.0057297	  0.0086669	  0.1048877	  0.0198513	  0.0192336	  0.1687072	  0.0184284	  0.0108628	39
0	  0.0147205	  0.0150365	  0.0285319	  0.0063607	  0.0030096	  0.1933700	  0.0121195	  0.0327440	  0.0252794	  0.0121744	  0.0328025	40
0	  0.0000376	  0.0197451	  0.0174593	  0.0057836	  0.0097467	  0.0929103	  0.0153326	  0.0101963	  0.0345566	  0.0107780	  0.0363341	41
0	  0.0160747	  0.0244848	  0.0190954	  0.0032163	  0.0002813	  0.1314129	  0.0191610	  0.0370123	  0.1290196	  0.0162596	  0.0346922	42
0	  0.0074646	  0.0160202	  0.0392933	  0.0053797	  0.0180305	  0.0800498	  0.0155424	  0.0320469	  0.0294015	  0.0117334	  0.0111545	43
0	  0.0067653	  0.0246893	  0.0277666	  0.0078217	  0.0106179	  0.1425038	  0.0137535	  0.0280030	  0.1020422	  0.0197761	  0.0172914	44
0	  0.0163203	  0.0149872	  0.0324631	  0.0073390	  0.0008338	  0.1766283	  0.0171983	  0.0324577	  0.1020770	  0.0173644	  0.0206251	45
0	  0.0198047	  0.0128143	  0.0131746	  0.0031777	  0.0015180	  0.0397005	  0.0137376	  0.0140152	  0.0357868	  0.0162297	  0.0361486	46
0	  0.0089995	  0.0287463	  0.0212105	  0.0090695	  0.0182698	  0.0181197	  0.0112053	  0.0399501	  0.1623931	  0.0152631	  0.0348846	47
0	  0.0030224	  0.0133037	  0.0341260	  0.0072030	  0.0124143	  0.0569551	  0.0187309	  0.0308849	  0.0231849	  0.0137041	  0.0204055	48
0	  0.0176965	  0.0257270	  0.0146510	  0.0070927	  0.0088833	  0.1137929	  0.0171962	  0.0327430	  0.0283099	  0.0183083	  0.0226915	49
0	  0.0041045	  0.0247224	  0.0230052	  0.0080886	  0.0081791	  0.1797437	  0.0187100	  0.0134213	  0.1867111	  0.0117942	  0.0378456	50
0	  0.0132418	  0.0240756	  0.0274231	  0.0030060	  0.0009838	  0.1114227	  0.0127024	  0.0287324	  0.1267828	  0.0175536	  0.0358354	51
0	  0.0035789	  0.0150969	  0.0223350	  0.0078492	  0.0183753	  0.0203517	  0.0167746	  0.0264722	  0.1998199	  0.0193637	  0.0193015	52
0	  0.0043400	  0.0126098	  0.0151967	  0.0029376	  0.0058418	  0.0278903	  0.0162047	  0.0234987	  0.1242043	  0.0176626	  0.0271138	53
0	  0.0058152	  0.0282295	  0.0147582	  0.0003170	  0.0145572	  0.1614784	  0.0116766	  0.0254353	  0.0858731	  0.0118568	  0.0202214	54
0	  0.0009997	  0.0198830	  0.0112128	  0.0076005	  0.0103629	  0.1267578	  0.0144535	  0.0360519	  0.0239878	  0.0180974	  0.0172974	55
0	  0.0010420	  0.0192212	  0.0206334	  0.0022544	  0.0067897	  0.0612134	  0.0144896	  0.0213145	  0.0174551	  0.0174302	  0.0197136	56
0	  0.0124877	  0.0234715	  0.0162213	  0.0047762	  0.0020406	  0.1461689	  0.0147204	  0.0199966	  0.1073115	  0.0176701	  0.0153453	57
0	  0.0192620	  0.0276373	  0.0380904	  0.0061380	  0.0032576	  0.0407667	  0.0109830	  0.0222504	  0.1288153	  0.0175583	  0.0378716	58
0	  0.0044562	  0.0202980	  0.0282718	  0.0022953	  0.0135896	  0.0633060	  0.0104682	  0.0285183	  0.1825274	  0.0181951	  0.0393437	59
0	  0.0001964	  0.0247536	  0.0260480	  0.0070260	  0.0043421	  0.1271229	  0.0180212	  0.0142850	  0.0466349	  0.0168696	  0.0318217	60
0	  0.0097487	  0.0101117	  0.0286029	  0.0006544	  0.0186768	  0.0114172	  0.0181720	  0.0118133	  0.0313838	  0.0157360	  0.0378415	61
0	  0.0030698	  0.0198596	  0.0328757	  0.0021148	  0.0117727	  0.1292954	  0.0137089	  0.0308402	  0.0706211	  0.0199263	  0.0160003	62
0	  0.0135526	  0.0255932	  0.0248902	  0.0096838	  0.0060320	  0.1646151	  0.0158078	  0.0327686	  0.1471906	  0.0160392	  0.0262080	63
0	  0.0030814	  0.0163389	  0.0243663	  0.0057717	  0.0197104	  0.1260636	  0.0136669	  0.0188724	  0.1085259	  0.0103346	  0.0292755	64
0	  0.0174409	  0.0210306	  0.0349626	  0.0087890	  0.0099236	  0.0868015	  0.0122373	  0.0160557	  0.0502182	  0.0194935	  0.0245287	65
0	  0.0037377	  0.0180798	  0.0106128	  0.0082254	  0.0193075	  0.0400564	  0.0184516	  0.0271764	  0.0213967	  0.0106557	  0.0305699	66
0	  0.0150221	  0.0236989	  0.0307721	  0.0050960	  0.0114009	  0.1396924	  0.0125620	  0.0155274	  0.0741701	  0.0183072	  0.0277971	67
0	  0.0160945	  0.0178671	  0.0106368	  0.0039211	  0.0017357	  0.0871106	  0.0139848	  0.0279545	  0.0624616	  0.0105577	  0.0265634	68
0	  0.0104099	  0.0264418	  0.0290756	  0.0021663	  0.0195117	  0.1425519	  0.0130156	  0.0352548	  0.1992200	  0.0131284	  0.0337515	69
0	  0.0073778	  0.0170881	  0.0389580	  0.0033196	  0.0125542	  0.0377905	  0.0117972	  0.0346673	  0.1419147	  0.0124582	  0.0123370	70
0	  0.0191361	  0.0190597	  0.0357161	  0.0008093	  0.0056558	  0.1039483	  0.0144382	  0.0378432	  0.0318485	  0.0151898	  0.0261822	71
0	  0.0072390	  0.0165465	  0.0245655	  0.0033067	  0.0180644	  0.1930086	  0.0102877	  0.0314329	  0.0984521	  0.0115048	  0.0352866	72
0	  0.0070497	  0.0284507	  0.0281537	  0.0086132	  0.0009113	  0.0828276	  0.0121402	  0.0342177	  0.1262762	  0.0100534	  0.0107969	73
0	  0.0083735	  0.0201093	  0.0373393	  0.0030979	  0.0181654	  0.0450330	  0.0124016	  0.0337682	  0.0694254	  0.0113486	  0.0331213	74
0	  0.0197468	  0.0292585	  0.0298170	  0.0096213	  0.0160791	  0.1619715	  0.0111269	  0.0371322	  0.0619265	  0.0162770	  0.0277892	75
0	  0.0184987	  0.0210528	  0.0309672	  0.0087863	  0.0140175	  0.0850807	  0.0164098	  0.0315663	  0.1383796	  0.0112867	  0.0395760	76
0	  0.0013360	  0.0169918	  0.0353217	  0.0028788	  0.0043197	  0.0728854	  0.0184996	  0.0216809	  0.1527497	  0.0107864	  0.0269248	77
0	  0.0178967	  0.0259611	  0.0328377	  0.0079002	  0.0100891	  0.1942988	  0.0112048	  0.0389008	  0.0700113	  0.0123838	  0.0353052	78
0	  0.0140965	  0.0250078	  0.0140109	  0.0034771	  0.0030994	  0.1557206	  0.0177229	  0.0339655	  0.0513301	  0.0172299	  0.0290290	79
0	  0.0188817	  0.0270471	  0.0111022	  0.0027690	  0.0013834	  0.0825681	  0.0151679	  0.0186251	  0.0622204	  0.0123777	  0.0369502	80
0	  0.0172094	  0.0232885	  0.0239282	  0.0057696	  0.0096274	  0.1533872	  0.0138237	  0.0392604	  0.1810529	  0.0145292	  0.0145548	81
0	  0.0006092	  0.0246267	  0.0137948	  0.0076747	  0.0097270	  0.0407861	  0.0129070	  0.0182969	  0.0752396	  0.0169296	  0.0261105	82
0	  0.0164978	  0.0108175	  0.0211555	  0.0022181	  0.0122234	  0.0788721	  0.0144113	  0.0101585	  0.1810223	  0.0169817	  0.0237828	83
0	  0.0049890	  0.0250781	  0.0317170	  0.0084438	  0.0161547	  0.0334814	  0.0136197	  0.0161642	  0.1829571	  0.0166069	  0.0338316	84
0	  0.0028420	  0.0159414	  0.0119207	  0.0083631	  0.0127032	  0.1720103	  0.0157568	  0.0162993	  0.0392719	  0.0100642	  0.0112948	85
0	  0.0064012	  0.0177846	  0.0331350	  0.0028796	  0.0115093	  0.1715585	  0.0108808	  0.0395925	  0.1709080	  0.0151131	  0.0392674	86
0	  0.0110509	  0.0106783	  0.0336576	  0.0017096	  0.0029261	  0.0188509	  0.0149950	  0.0295399	  0.1395401	  0.0141312	  0.0261885	87
0	  0.0061418	  0.0258688	  0.0386642	  0.0024617	  0.0104547	  0.1745592	  0.0155906	  0.0128822	  0.1849833	  0.0196184	  0.0200107	88
0	  0.0111099	  0.0133333	  0.0258745	  0.0097028	  0.0195112	  0.1763787	  0.0157385	  0.0109982	  0.0637176	  0.0103663	  0.0328159	89
0	  0.0120981	  0.0182529	  0.0260869	  0.0089820	  0.0020734	  0.0126546	  0.0167466	  0.0240716	  0.1261191	  0.0190823	  0.0391674	90
0	  0.0161711	  0.0188743	  0.0188920	  0.0087208	  0.0016411	  0.0548623	  0.0124254	  0.0185709	  0.1250933	  0.0199498	  0.0329846	91
0	  0.0010822	  0.0225915	  0.0243965	  0.0056796	  0.0110876	  0.0862401	  0.0191257	  0.0366445	  0.0937321	  0.0147461	  0.0178959	92
0	  0.0086831	  0.0216092	  0.0288114	  0.0012655	  0.0155576	  0.0973374	  0.0187279	  0.0223724	  0.1467055	  0.0151294	  0.0240525	93
0	  0.0142917	  0.0147464	  0.0131026	  0.0066248	  0.0151711	  0.1391086	  0.0164136	  0.0392514	  0.1108028	  0.0169721	  0.0167907	94
0	  0.0039326	  0.0134438	  0.0114361	  0.0062172	  0.0130998	  0.1881659	  0.0197435	  0.0320463	  0.0745586	  0.0175243	  0.0186596	95
0	  0.0037370	  0.0158105	  0.0191348	  0.0097916	  0.0089642	  0.0212791	  0.0196759	  0.0381951	  0.1521946	  0.0119211	  0.0246553	96
0	  0.0072117	  0.0188528	  0.0303628	  0.0092130	  0.0041398	  0.1644217	  0.0180773	  0.0272165	  0.1293189	  0.0125757	  0.0321236	97
0	  0.0061083	  0.0271959	  0.0178318	  0.0017363	  0.0012356	  0.1054704	  0.0197709	  0.0172086	  0.1381441	  0.0125491	  0.0364585	98
0	  0.0001700	  0.0257276	  0.0173815	  0.0011885	  0.0106252	  0.0576444	  0.0176370	  0.0169636	  0.1898738	  0.0118402	  0.0186233	99
0	  0.0189985	  0.0241696	  0.0216399	  0.0002936	  0.0000880	  0.1116391	  0.0123215	  0.0237552	  0.1344761	  0.0182733	  0.0362560	100
0	  0.0099383	  0.0130381	  0.0126887	  0.0006397	  0.0159769	  0.0363391	  0.0189105	  0.0153912	  0.0796462	  0.0165708	  0.0388473	101
0	  0.0188147	  0.0177789	  0.0234493	  0.0041590	  0.0071147	  0.0297840	  0.0129623	  0.0335423	  0.0376124	  0.0158797	  0.0180018	102
0	  0.0037605	  0.0179003	  0.0162328	  0.0001549	  0.0117874	  0.0512996	  0.0147494	  0.0163717	  0.1083834	  0.0137760	  0.0291598	103
0	  0.0162458	  0.0274814	  0.0212964	  0.0035363	  0.0118784	  0.0609889	  0.0152327	  0.0221566	  0.0886066	  0.0120010	  0.0233845	104
0	  0.0112999	  0.0119251	  0.0204104	  0.0011072	  0.0068567	  0.0650126	  0.0147356	  0.0328302	  0.1450772	  0.0141941	  0.0342223	105
0	  0.0167353	  0.0268233	  0.0212832	  0.0060826	  0.0013352	  0.1471609	  0.0154923	  0.0227328	  0.1850554	  0.0107325	  0.0148862	106
0	  0.0045368	  0.0105137	  0.0149294	  0.0005537	  0.0047014	  0.1243099	  0.0125871	  0.0166087	  0.0405946	  0.0154997	  0.0399483	107
0	  0.0082835	  0.0253982	  0.0362211	  0.0017027	  0.0191002	  0.0290646	  0.0168831	  0.0386511	  0.0371815	  0.0153808	  0.0323751	108
0	  0.0152265	  0.0170140	  0.0270419	  0.0004300	  0.0051078	  0.1569079	  0.0115080	  0.0336839	  0.1243332	  0.0147583	  0.0355712	109
0	  0.0041201	  0.0259985	  0.0120487	  0.0059156	  0.0199355	  0.0879939	  0.0161059	  0.0117023	  0.1281305	  0.0171799	  0.0119502	110
0	  0.0035145	  0.0203712	  0.0342430	  0.0028166	  0.0008534	  0.1531846	  0.0117301	  0.0394127	  0.1652654	  0.0165835	  0.0110338	111
0	  0.0128543	  0.0241896	  0.0229413	  0.0098061	  0.0081007	  0.0720118	  0.0139963	  0.0268751	  0.1599755	  0.0181503	  0.0393803	112
0	  0.0006942	  0.0153956	  0.0361424	  0.0013013	  0.0070083	  0.1071734	  0.0106141	  0.0117906	  0.1000338	  0.0124377	  0.0135342	113
0	  0.0057615	  0.0148617	  0.0203028	  0.0003174	  0.0197355	  0.0346686	  0.0166791	  0.0224124	  0.0432635	  0.0152577	  0.0128150	114
0	  0.0027367	  0.0178445	  0.0149628	  0.0031623	  0.0021138	  0.1444145	  0.0118327	  0.0110692	  0.0559131	  0.0104157	  0.0132959	115
0	  0.0140284	  0.0239639	  0.0132607	  0.0071928	  0.0155205	  0.0855757	  0.0111576	  0.0154230	  0.0777329	  0.0187505	  0.0304944	116
0	  0.0192962	  0.0101496	  0.0328325	  0.0093410	  0.0182904	  0.1490239	  0.0139006	  0.0227355	  0.0227741	  0.0177671	  0.0162426	117
0	  0.0037739	  0.0218746	  0.0376032	  0.0031974	  0.0176448	  0.1376009	  0.0148662	  0.0239788	  0.1051271	  0.0177045	  0.0292559	118
0	  0.0154398	  0.0124481	  0.0290153	  0.0069525	  0.0150987	  0.0534718	  0.0147257	  0.0277113	  0.1769061	  0.0112154	  0.0239490	119
0	  0.0099341	  0.0196696	  0.0283994	  0.0028122	  0.0138994	  0.1753075	  0.0139581	  0.0246892	  0.1290303	  0.0101870	  0.0155238	120
0	  0.0100071	  0.0221209	  0.0194047	  0.0049676	  0.0106480	  0.1570692	  0.0181562	  0.0377646	  0.1291123	  0.0132510	  0.0230138	121
0	  0.0030615	  0.0285821	  0.0198061	  0.0044263	  0.0124679	  0.1961783	  0.0185493	  0.0261424	  0.1055487	  0.0151037	  0.0181435	122
0	  0.0041109	  0.0124012	  0.0355530	  0.0024182	  0.0133268	  0.1493786	  0.0151028	  0.0315511	  0.1823423	  0.0150079	  0.0226270	123
0	  0.0148127	  0.0224575	  0.0188337	  0.0078107	  0.0049407	  0.1520633	  0.0151815	  0.0148004	  0.1870806	  0.0105441	  0.0306474	124
0	  0.0076700	  0.0127687	  0.0210171	  0.0083981	  0.0086037	  0.0686408	  0.0143018	  0.0368543	  0.0844509	  0.0187532	  0.0246591	125
0	  0.0153972	  0.0192966	  0.0200461	  0.0073068	  0.0044064	  0.1708906	  0.0186549	  0.0114886	  0.1144952	  0.0115602	  0.0240852	126
0	  0.0193253	  0.0199734	  0.0181815	  0.0008834	  0.0002765	  0.1317391	  0.0196583	  0.0219888	  0.1150136	  0.0148181	  0.0342603	127
0	  0.0050261	  0.0274941	  0.0356377	  0.0070952	  0.0049520	  0.1525931	  0.0126086	  0.0259691	  0.1501913	  0.0185791	  0.0312904	128
0	  0.0190300	  0.0223568	  0.0205424	  0.0086170	  0.0116013	  0.1025548	  0.0198792	  0.0222647	  0.0383972	  0.0177233	  0.0120038	129
0	  0.0169573	  0.0118980	  0.0352780	  0.0036075	  0.0104153	  0.0960260	  0.0150717	  0.0158627	  0.1199951	  0.0171736	  0.0125378	130
0	  0.0184880	  0.0170916	  0.0298965	  0.0009339	  0.0197707	  0.0822729	  0.0125571	  0.0323304	  0.1076994	  0.0197904	  0.0194171	131
0	  0.0008916	  0.0152980	  0.0133508	  0.0097719	  0.0005361	  0.1195884	  0.0173280	  0.0160693	  0.0420294	  0.0166724	  0.0381988	132
0	  0.0005660	  0.0108425	  0.0304857	  0.0064869	  0.0009663	  0.1241937	  0.0108283	  0.0367451	  0.0371338	  0.0101751	  0.0361631	133
0	  0.0116325	  0.0265845	  0.0273915	  0.0084057	  0.0074575	  0.0310380	  0.0196864	  0.0303495	  0.1296654	  0.0124766	  0.0279722	134
0	  0.0092154	  0.0108167	  0.0258389	  0.0051589	  0.0184942	  0.0240923	  0.0184650	  0.0373988	  0.1546204	  0.0185606	  0.0309597	135
0	  0.0011882	  0.0216035	  0.0109883	  0.0054012	  0.0147108	  0.0697477	  0.0103182	  0.0134924	  0.0177541	  0.0139539	  0.0117583	136
0	  0.0030401	  0.0128108	  0.0256277	  0.0077663	  0.0104196	  0.0166854	  0.0101422	  0.0198438	  0.0808147	  0.0163761	  0.0324790	137
0	  0.0145297	  0.0250659	  0.0199022	  0.0006287	  0.0053037	  0.0924142	  0.0110100	  0.0112288	  0.0231593	  0.0111138	  0.0338271	138
0	  0.0088586	  0.0198249	  0.0127679	  0.0017509	  0.0013319	  0.0497866	  0.0122692	  0.0129705	  0.1393219	  0.0150987	  0.0126875	139
0	  0.0186031	  0.0160607	  0.0224128	  0.0038240	  0.0012143	  0.1412008	  0.0193819	  0.0261179	  0.1996258	  0.0103886	  0.0270048	140
0	  0.0016543	  0.0101485	  0.0124479	  0.0092810	  0.0168279	  0.1244854	  0.0145861	  0.0147181	  0.0511687	  0.0179685	  0.0348938	141
0	  0.0073982	  0.0121090	  0.0225973	  0.0045173	  0.0113628	  0.1257009	  0.0100434	  0.0118886	  0.0508420	  0.0135550	  0.0362927	142
0	  0.0130611	  0.0134807	  0.0162766	  0.0022344	  0.0110314	  0.1856131	  0.0156189	  0.0193356	  0.0171580	  0.0179097	  0.0136312	143
0	  0.0036783	  0.0189820	  0.0364857	  0.0098386	  0.0004964	  0.0278750	  0.0120546	  0.0399910	  0.0940994	  0.0193387	  0.0107841	144
0	  0.0040246	  0.0153564	  0.0243167	  0.0070414	  0.0160632	  0.1019221	  0.0199367	  0.0124975	  0.0125473	  0.0131644	  0.0319060	145
0	  0.0022519	  0.0134662	  0.0359152	  0.0080203	  0.0067858	  0.0740911	  0.0137619	  0.0382904	  0.0148886	  0.0103316	  0.0134426	146
0	  0.0008570	  0.0276849	  0.0246041	  0.0094541	  0.0020537	  0.0706787	  0.0111621	  0.0383802	  0.0700238	  0.0142136	  0.0352382	147
0	  0.0058601	  0.0272229	  0.0241029	  0.0047444	  0.0107479	  0.1529473	  0.0110785	  0.0395282	  0.1310925	  0.0181136	  0.0106175	148
0	  0.0048805	  0.0259119	  0.0315963	  0.0028176	  0.0118590	  0.1298188	  0.0142159	  0.0262790	  0.1480439	  0.0117564	  0.0117550	149
0	  0.0008472	  0.0113436	  0.0148378	  0.0036672	  0.0073284	  0.1637192	  0.0174292	  0.0330718	  0.1943547	  0.0123811	  0.0314600	150
0	  0.0083895	  0.0144527	  0.0311930	  0.0070010	  0.0156671	  0.1613847	  0.0111320	  0.0353020	  0.1916392	  0.0112930	  0.0397943	151
0	  0.0159034	  0.0126892	  0.0241535	  0.0084797	  0.0158196	  0.1651751	  0.0184987	  0.0389386	  0.0114197	  0.0189172	  0.0213556	152
0	  0.0064787	  0.0185324	  0.0323794	  0.0086219	  0.0161640	  0.0335816	  0.0154548	  0.0216025	  0.1391533	  0.0154090	  0.0103299	153
0	  0.0097087	  0.0104567	  0.0332556	  0.0088304	  0.0173463	  0.1058821	  0.0131601	  0.0200977	  0.1203171	  0.0137621	  0.0128827	154
0	  0.0075571	  0.0294161	  0.0280429	  0.0002302	  0.0113131	  0.0655184	  0.0146785	  0.0257905	  0.1180545	  0.0163589	  0.0339144	155
0	  0.0032773	  0.0206057	  0.0201801	  0.0008226	  0.0170263	  0.1661050	  0.0105972	  0.0332515	  0.0469599	  0.0141716	  0.0137078	156
0	  0.0164740	  0.0221410	  0.0221144	  0.0051701	  0.0072083	  0.0701180	  0.0144571	  0.0231657	  0.0544651	  0.0136849	  0.0352081	157
0	  0.0137648	  0.0195844	  0.0188780	  0.0014580	  0.0022084	  0.0323994	  0.0100961	  0.0216440	  0.1452930	  0.0113869	  0.0365401	158
0	  0.0149373	  0.0211013	  0.0303753	  0.0022465	  0.0122281	  0.0653203	  0.0183206	  0.0352916	  0.0724133	  0.0135132	  0.0137954	159
0	  0.0001910	  0.0275373	  0.0214453	  0.0069751	  0.0006821	  0.1267968	  0.0199093	  0.0126107	  0.0983269	  0.0143568	  0.0111135	160
0	  0.0012028	  0.0225159	  0.0375399	  0.0038584	  0.0182438	  0.1013710	  0.0111679	  0.0374180	  0.0247820	  0.0160809	  0.0384227	161
0	  0.0005936	  0.0276199	  0.0310780	  0.0076232	  0.0107473	  0.1490596	  0.0114905	  0.0181794	  0.0283056	  0.0170340	  0.0132163	162
0	  0.0124845	  0.0296928	  0.0190315	  0.0074676	  0.0037124	  0.0897330	  0.0178814	  0.0288522	  0.0701626	  0.0179587	  0.0127539	163
0	  0.0047519	  0.0169603	  0.0239772	  0.0047552	  0.0172730	  0.1193867	  0.0171441	  0.0279723	  0.0757290	  0.0190100	  0.0274054	164
0	  0.0160967	  0.0183248	  0.0312220	  0.0053946	  0.0076502	  0.1450905	  0.0106233	  0.0156652	  0.0476942	  0.0107526	  0.0237029	165
0	  0.0030856	  0.0137677	  0.0340931	  0.0079404	  0.0176212	  0.0757284	  0.0178162	  0.0345622	  0.1769869	  0.0150467	  0.0226801	166
0	  0.0161702	  0.0244141	  0.0160481	  0.0031839	  0.0046465	  0.0689236	  0.0191821	  0.0359690	  0.1801094	  0.0177631	  0.0243673	167
0	  0.0048245	  0.0255719	  0.0253146	  0.0065954	  0.0186437	  0.0154210	  0.0173193	  0.0351742	  0.0980393	  0.0144800	  0.0324717	168
0	  0.0099164	  0.0236288	  0.0130326	  0.0088922	  0.0103526	  0.1685123	  0.0163014	  0.0316582	  0.1923121	  0.0130755	  0.0332039	169
0	  0.0049796	  0.0122526	  0.0306505	  0.0040276	  0.0000368	  0.0760781	  0.0124878	  0.0348690	  0.1304222	  0.0105004	  0.0327232	170
0	  0.0059380	  0.0235882	  0.0217124	  0.0045274	  0.0128316	  0.1695942	  0.0191523	  0.0211597	  0.1099912	  0.0171465	  0.0255327	171
0	  0.0062358	  0.0138570	  0.0261637	  0.0032041	  0.0027831	  0.0134260	  0.0152270	  0.0383612	  0.1532380	  0.0147459	  0.0302857	172
0	  0.0198916	  0.0145381	  0.0261109	  0.0045524	  0.0064175	  0.0510753	  0.0199249	  0.0241422	  0.1454002	  0.0149123	  0.0100514	173
0	  0.0132250	  0.0218687	  0.0286591	  0.0035390	  0.0038607	  0.1347164	  0.0110441	  0.0356039	  0.0763635	  0.0103072	  0.0139543	174
0	  0.0004207	  0.0207733	  0.0211881	  0.0000308	  0.0145004	  0.1400658	  0.0199211	  0.0329672	  0.0127651	  0.0112718	  0.0344661	175
0	  0.0043659	  0.0144027	  0.0270374	  0.0081670	  0.0129133	  0.0630984	  0.0132951	  0.0126085	  0.0829310	  0.0106326	  0.0236101	176
0	  0.0181282	  0.0209598	  0.0216388	  0.0030318	  0.0135035	  0.0482746	  0.0191610	  0.0230156	  0.1516725	  0.0193850	  0.0243186	177
0	  0.0159540	  0.0287371	  0.0386466	  0.0047759	  0.0084592	  0.0436006	  0.0165143	  0.0198287	  0.0712189	  0.0154911	  0.0125842	178
0	  0.0108276	  0.0272451	  0.0123532	  0.0007093	  0.0108468	  0.0584447	  0.0174620	  0.0324373	  0.0877406	  0.0100260	  0.0287370	179
0	  0.0195693	  0.0134300	  0.0348371	  0.0093231	  0.0157155	  0.0356603	  0.0116578	  0.0189276	  0.0705375	  0.0185728	  0.0169066	180
0	  0.0046660	  0.0291664	  0.0292863	  0.0063499	  0.0080112	  0.0888711	  0.0154230	  0.0207350	  0.1194645	  0.0179626	  0.0209253	181
0	  0.0036175	  0.0265308	  0.0131801	  0.0043551	  0.0104492	  0.1821982	  0.0196956	  0.0226971	  0.0726328	  0.0187764	  0.0179679	182
0	  0.0113756	  0.0148791	  0.0233620	  0.0036150	  0.0159070	  0.1127893	  0.0147949	  0.0387034	  0.1533513	  0.0169133	  0.0293866	183
0	  0.0024762	  0.0209354	  0.0317085	  0.0037505	  0.0140534	  0.0147264	  0.0157399	  0.0298038	  0.0482861	  0.0106376	  0.0142660	184
0	  0.0042627	  0.0251095	  0.0103133	  0.0075664	  0.0100911	  0.1836057	  0.0191631	  0.0262264	  0.1086754	  0.0169085	  0.0255625	185
0	  0.0090212	  0.0147367	  0.0211566	  0.0053766	  0.0167050	  0.0392349	  0.0101115	  0.0172410	  0.1001867	  0.0143299	  0.0122758	186
0	  0.0142169	  0.0122281	  0.0257955	  0.0006881	  0.0085329	  0.0105268	  0.0179904	  0.0148964	  0.0753765	  0.0117063	  0.0182989	187
0	  0.0142428	  0.0146919	  0.0142271	  0.0011047	  0.0106741	  0.1740364	  0.0174099	  0.0101974	  0.1193185	  0.0181932	  0.0179415	188
0	  0.0125243	  0.0184313	  0.0388769	  0.0044206	  0.0079767	  0.0391300	  0.0184465	  0.0247261	  0.1267889	  0.0116145	  0.0365519	189
0	  0.0052022	  0.0292556	  0.0396297	  0.0056164	  0.0044354	  0.0904223	  0.0148703	  0.0288770	  0.1700495	  0.0159784	  0.0282485	190
0	  0.0072985	  0.0273896	  0.0334958	  0.0069951	  0.0048077	  0.1543487	  0.0145058	  0.0390798	  0.0898736	  0.0165722	  0.0108733	191
0	  0.0113355	  0.0180405	  0.0266767	  0.0056704	  0.0161681	  0.0637841	  0.0171606	  0.0337576	  0.1055254	  0.0161417	  0.0142205	192
0	  0.0041899	  0.0227228	  0.0291674	  0.0043795	  0.0120232	  0.1895970	  0.0111587	  0.0217750	  0.0298815	  0.0133924	  0.0244042	193
0	  0.0118122	  0.0124862	  0.0396298	  0.0072865	  0.0147045	  0.0690115	  0.0112990	  0.0218386	  0.0139586	  0.0144240	  0.0221489	194
0	  0.0169404	  0.0149171	  0.0219751	  0.0024382	  0.0146938	  0.0763802	  0.0151082	  0.0218764	  0.1346385	  0.0161877	  0.0281930	195
0	  0.0033615	  0.0177969	  0.0343936	  0.0030016	  0.0185878	  0.1566334	  0.0136959	  0.0393363	  0.0751326	  0.0121228	  0.0398643	196
0	  0.0138997	  0.0287074	  0.0308530	  0.0014568	  0.0023001	  0.1117241	  0.0119261	  0.0166516	  0.1598139	  0.0119052	  0.0323922	197
0	  0.0062689	  0.0124371	  0.0221478	  0.0012099	  0.0182581	  0.0889777	  0.0102984	  0.0151158	  0.0822041	  0.0101616	  0.0296522	198
0	  0.0018604	  0.0238837	  0.0291829	  0.0075530	  0.0029561	  0.0579640	  0.0159168	  0.0121546	  0.1358611	  0.0178674	  0.0332320	199
0	  0.0100609	  0.0147654	  0.0264657	  0.0067876	  0.0014676	  0.0279006	  0.0153662	  0.0382474	  0.1598341	  0.0103446	  0.0230088	200
0	  0.0135490	  0.0182428	  0.0328453	  0.0027233	  0.0133641	  0.0715978	  0.0194297	  0.0264822	  0.1463214	  0.0110733	  0.0376134	201
0	  0.0044121	  0.0129999	  0.0376524	  0.0029134	  0.0053843	  0.1262839	  0.0182430	  0.0345934	  0.1078051	  0.0145013	  0.0143570	202
0	  0.0058182	  0.0181182	  0.0382391	  0.0013391	  0.0071127	  0.0373844	  0.0133465	  0.0124316	  0.0849548	  0.0151635	  0.0376384	203
0	  0.0008454	  0.0291035	  0.0211254	  0.0040069	  0.0114243	  0.1907347	  0.0196740	  0.0286741	  0.1459435	  0.0140967	  0.0114731	204
0	  0.0160881	  0.0290442	  0.0161395	  0.0079633	  0.0173630	  0.1108093	  0.0131731	  0.0127513	  0.1230036	  0.0183303	  0.0214565	205
0	  0.0012128	  0.0126804	  0.0168471	  0.0076485	  0.0141286	  0.1040560	  0.0152949	  0.0388934	  0.1317070	  0.0105270	  0.0344263	206
0	  0.0017307	  0.0250949	  0.0123683	  0.0002192	  0.0114264	  0.0648724	  0.0139613	  0.0194973	  0.1120643	  0.0168717	  0.0282676	207
0	  0.0180052	  0.0133896	  0.0334450	  0.0060580	  0.0085116	  0.1886657	  0.0139048	  0.0260714	  0.1670581	  0.0123253	  0.0152151	208
0	  0.0061550	  0.0232677	  0.0342254	  0.0014216	  0.0044642	  0.1273646	  0.0113406	  0.0116603	  0.0285460	  0.0105279	  0.0227090	209
0	  0.0164864	  0.0179107	  0.0204030	  0.0031416	  0.0187327	  0.1339040	  0.0106180	  0.0133272	  0.1839091	  0.0186752	  0.0121651	210
0	  0.0173700	  0.0247330	  0.0180167	  0.0058454	  0.0135250	  0.0614908	  0.0110403	  0.0245774	  0.1138455	  0.0168058	  0.0372643	211
0	  0.0134732	  0.0176019	  0.0362538	  0.0040461	  0.0073546	  0.0115752	  0.0106099	  0.0362561	  0.1927306	  0.0171648	  0.0338628	212
0	  0.0163469	  0.0177733	  0.0303240	  0.0007360	  0.0078035	  0.1861972	  0.0161453	  0.0167034	  0.0335047	  0.0129319	  0.0122406	213
0	  0.0136098	  0.0121214	  0.0113925	  0.0043690	  0.0194521	  0.1618535	  0.0103176	  0.0161680	  0.1075362	  0.0117673	  0.0395273	214
0	  0.0025280	  0.0169922	  0.0390196	  0.0010138	  0.0031345	  0.0583234	  0.0130712	  0.0319225	  0.1154634	  0.0195060	  0.0189212	215
0	  0.0122307	  0.0209634	  0.0160089	  0.0026210	  0.0074601	  0.0647797	  0.0115583	  0.0168401	  0.0283359	  0.0183315	  0.0130113	216
0	  0.0136983	  0.0172232	  0.0289650	  0.0073620	  0.0044422	  0.1560462	  0.0144924	  0.0207416	  0.0160257	  0.0141181	  0.0186080	217
0	  0.0138309	  0.0111855	  0.0120269	  0.0012856	  0.0000752	  0.1934450	  0.0168198	  0.0243223	  0.0660033	  0.0168342	  0.0208265	218
0	  0.0086896	  0.0264931	  0.0325602	  0.0036653	  0.0117996	  0.1456011	  0.0100688	  0.0124469	  0.1547901	  0.0186812	  0.0374362	219
0	  0.0070287	  0.0164809	  0.0136982	  0.0015504	  0.0072127	  0.1760567	  0.0105071	  0.0110488	  0.0406584	  0.0151097	  0.0243487	220
0	  0.0115934	  0.0247279	  0.0397218	  0.0029785	  0.0005719	  0.1208968	  0.0153427	  0.0349493	  0.0942040	  0.0199135	  0.0157494	221
0	  0.0090749	  0.0265349	  0.0134518	  0.0027090	  0.0099780	  0.1231269	  0.0142856	  0.0258680	  0.0506311	  0.0157501	  0.0162153	222
0	  0.0188674	  0.0133096	  0.0380243	  0.0038339	  0.0148287	  0.1568987	  0.0118496	  0.0241567	  0.0410530	  0.0122271	  0.0187082	223
0	  0.0083766	  0.0184518	  0.0216427	  0.0007007	  0.0109497	  0.1700255	  0.0152566	  0.0365963	  0.0709944	  0.0114568	  0.0369305	224
0	  0.0052843	  0.0270840	  0.0270367	  0.0057477	  0.0131266	  0.0894931	  0.0128651	  0.0160315	  0.1149722	  0.0187653	  0.0399940	225
0	  0.0030967	  0.0203094	  0.0216836	  0.0044017	  0.0095025	  0.1309325	  0.0114746	  0.0287724	  0.0490291	  0.0194181	  0.0379761	226
0	  0.0046077	  0.0151796	  0.0352794	  0.0037692	  0.0041712	  0.1338306	  0.0164309	  0.0350421	  0.0648112	  0.0111523	  0.0169086	227
0	  0.0100237	  0.0100017	  0.0278646	  0.0002405	  0.0110596	  0.1556973	  0.0134184	  0.0264704	  0.1035532	  0.0165787	  0.0277603	228
0	  0.0195079	  0.0243366	  0.0246995	  0.0067494	  0.0029367	  0.0689513	  0.0153298	  0.0346976	  0.0559960	  0.0166467	  0.0115830	229
0	  0.0024568	  0.0234065	  0.0253769	  0.0003822	  0.0184953	  0.0566996	  0.0139146	  0.0186744	  0.1151394	  0.0140756	  0.0392636	230
0	  0.0110044	  0.0141310	  0.0287481	  0.0091144	  0.0022499	  0.1363459	  0.0154151	  0.0262392	  0.1422675	  0.0121162	  0.0280321	231
0	  0.0008247	  0.0203273	  0.0145855	  0.0030031	  0.0185211	  0.0349793	  0.0107328	  0.0101745	  0.0548777	  0.0149518	  0.0201347	232
0	  0.0142949	  0.0284661	  0.0272513	  0.0021813	  0.0010574	  0.0748565	  0.0145658	  0.0306060	  0.0457293	  0.0118813	  0.0335086	233
0	  0.0161533	  0.0172129	  0.0138242	  0.0046931	  0.0003665	  0.1070351	  0.0116858	  0.0328176	  0.1498367	  0.0145281	  0.0382839	234
0	  0.0123548	  0.0252915	  0.0122453	  0.0060782	  0.0086215	  0.1379007	  0.0133784	  0.0217181	  0.1075539	  0.0118377	  0.0308899	235
0	  0.0146911	  0.0231863	  0.0371531	  0.0029657	  0.0117143	  0.0364256	  0.0154665	  0.0256630	  0.0237405	  0.0127887	  0.0371142	236
0	  0.0163050	  0.0285549	  0.0277816	  0.0013423	  0.0135107	  0.0806194	  0.0158330	  0.0155310	  0.0528644	  0.0174197	  0.0368445	237
0	  0.0039025	  0.0124235	  0.0175794	  0.0032593	  0.0066348	  0.1179085	  0.0106312	  0.0220283	  0.0319803	  0.0103899	  0.0284210	238
0	  0.0166434	  0.0277008	  0.0167917	  0.0068297	  0.0073966	  0.1159972	  0.0174601	  0.0258890	  0.0740869	  0.0169795	  0.0347626	239
0	  0.0058947	  0.0162612	  0.0347131	  0.0099235	  0.0150587	  0.1028943	  0.0194173	  0.0365359	  0.1054313	  0.0126684	  0.0202506	240
0	  0.0189902	  0.0176117	  0.0116124	  0.0039158	  0.0156437	  0.0661693	  0.0147939	  0.0152718	  0.1829529	  0.0156960	  0.0242410	241
0	  0.0154254	  0.0171397	  0.0248821	  0.0004271	  0.0112963	  0.1310552	  0.0191600	  0.0345942	  0.1306608	  0.0156280	  0.0146656	242
0	  0.0057950	  0.0293057	  0.0201090	  0.0092026	  0.0020926	  0.0727440	  0.0107220	  0.0390104	  0.0408058	  0.0128331	  0.0260788	243
0	  0.0172377	  0.0138725	  0.0328470	  0.0082468	  0.0045125	  0.0748490	  0.0138030	  0.0398300	  0.1670356	  0.0171154	  0.0381379	244
0	  0.0124179	  0.0298145	  0.0264582	  0.0029462	  0.0164851	  0.0406949	  0.0185950	  0.0305476	  0.1961340	  0.0129271	  0.0134945	245
0	  0.0021766	  0.0272353	  0.0205205	  0.0029241	  0.0035389	  0.1390508	  0.0194606	  0.0186323	  0.0550782	  0.0161784	  0.0301477	246
0	  0.0012635	  0.0269072	  0.0142296	  0.0062038	  0.0159222	  0.1442134	  0.0127598	  0.0325205	  0.1091711	  0.0187894	  0.0212503	247
0	  0.0083545	  0.0296508	  0.0285901	  0.0053567	  0.0071096	  0.1982021	  0.0155334	  0.0312658	  0.1997356	  0.0196389	  0.0190259	248
0	  0.0044225	  0.0165151	  0.0296796	  0.0072818	  0.0139040	  0.1728934	  0.0114065	  0.0302981	  0.1123129	  0.0173211	  0.0248104	249
0	  0.0063673	  0.0208798	  0.0365589	  0.0026560	  0.0051987	  0.0264229	  0.0179798	  0.0320772	  0.0777928	  0.0134753	  0.0368842	250
0	  0.0038152	  0.0103002	  0.0152969	  0.0003606	  0.0144196	  0.1431206	  0.0199335	  0.0132949	  0.0515456	  0.0108043	  0.0229333	251
0	  0.0144705	  0.0280094	  0.0273905	  0.0052574	  0.0162697	  0.0196402	  0.0166858	  0.0202050	  0.0866346	  0.0124870	  0.0216906	252
0	  0.0002014	  0.0261235	  0.0253769	  0.0078854	  0.0107846	  0.0216244	  0.0194012	  0.0194539	  0.1492424	  0.0171539	  0.0200519	253
0	  0.0174147	  0.0145243	  0.0165026	  0.0077009	  0.0095790	  0.1007362	  0.0144145	  0.0322695	  0.1930540	  0.0128920	  0.0383556	254
0	  0.0134674	  0.0173713	  0.0167770	  0.0036655	  0.0008630	  0.1205117	  0.0131376	  0.0342231	  0.0339017	  0.0166979	  0.0266525	255
0	  0.0164137	  0.0116123	  0.0150116	  0.0096503	  0.0140188	  0.0209713	  0.0140528	  0.0190424	  0.1035131	  0.0150719	  0.0305125	256
0	  0.0143963	  0.0188159	  0.0142429	  0.0013478	  0.0048922	  0.0980210	  0.0154369	  0.0392441	  0.1426820	  0.0159879	  0.0153543	257
0	  0.0140843	  0.0203540	  0.0270531	  0.0023702	  0.0115437	  0.1962993	  0.0122922	  0.0285673	  0.1295057	  0.0143515	  0.0384315	258
0	  0.0147252	  0.0155098	  0.0201001	  0.0027679	  0.0118384	  0.0717074	  0.0104017	  0.0212570	  0.0567341	  0.0147219	  0.0306682	259
0	  0.0091807	  0.0287597	  0.0224663	  0.0085700	  0.0119862	  0.1169232	  0.0185195	  0.0339141	  0.0993963	  0.0183907	  0.0119493	260
0	  0.0086304	  0.0194935	  0.0116894	  0.0037007	  0.0035501	  0.0676278	  0.0197309	  0.0258452	  0.0762829	  0.0142947	  0.0278958	261
0	  0.0112312	  0.0152499	  0.0196072	  0.0072552	  0.0005386	  0.1086301	  0.0102629	  0.0313013	  0.0916730	  0.0187065	  0.0103625	262
0	  0.0029372	  0.0178294	  0.0356421	  0.0039843	  0.0074647	  0.0235969	  0.0167036	  0.0354650	  0.1150793	  0.0107075	  0.0291756	263
0	  0.0175241	  0.0190677	  0.0230173	  0.0066313	  0.0056408	  0.1830934	  0.0134617	  0.0188166	  0.0157281	  0.0130564	  0.0292691	264
0	  0.0183819	  0.0202203	  0.0350737	  0.0087596	  0.0050238	  0.1044606	  0.0196935	  0.0297486	  0.0322910	  0.0105530	  0.0241254	265
0	  0.0065569	  0.0285431	  0.0246973	  0.0034186	  0.0027799	  0.1258058	  0.0144858	  0.0254066	  0.1895645	  0.0141975	  0.0242819	266
0	  0.0169227	  0.0104728	  0.0198084	  0.0030004	  0.0165642	  0.0436428	  0.0160654	  0.0160920	  0.1552789	  0.0102712	  0.0204209	267
0	  0.0014576	  0.0119962	  0.0285675	  0.0064521	  0.0071051	  0.1591711	  0.0165576	  0.0300355	  0.1647949	  0.0120618	  0.0118275	268
0	  0.0091870	  0.0266517	  0.0371244	  0.0057450	  0.0084667	  0.1955134	  0.0104714	  0.0305897	  0.1168802	  0.0101591	  0.0234947	269
0	  0.0022591	  0.0178999	  0.0191804	  0.0065218	  0.0189214	  0.1954817	  0.0128186	  0.0377248	  0.1702185	  0.0135427	  0.0157019	270
0	  0.0013205	  0.0163443	  0.0344313	  0.0078372	  0.0088402	  0.1162732	  0.0161464	  0.0125645	  0.0885321	  0.0134048	  0.0349117	271
0	  0.0034450	  0.0162250	  0.0376226	  0.0036933	  0.0176577	  0.1673127	  0.0124771	  0.0317133	  0.1182833	  0.0159355	  0.0376149	272
0	  0.0044107	  0.0109749	  0.0167743	  0.0083235	  0.0007084	  0.1620087	  0.0182717	  0.0152360	  0.0570086	  0.0134723	  0.0389843	273
0	  0.0122270	  0.0293321	  0.0325515	  0.0040748	  0.0015066	  0.1791076	  0.0109622	  0.0147141	  0.1271324	  0.0144907	  0.0205966	274
0	  0.0185545	  0.0170212	  0.0198235	  0.0037458	  0.0012182	  0.1284528	  0.0163935	  0.0126752	  0.0484044	  0.0159712	  0.0370941	275
0	  0.0111064	  0.0200278	  0.0243283	  0.0075947	  0.0136725	  0.1101076	  0.0188115	  0.0121365	  0.0360756	  0.0145446	  0.0180650	276
0	  0.0010511	  0.0198913	  0.0116170	  0.0066854	  0.0150804	  0.0417960	  0.0150783	  0.0201466	  0.1069894	  0.0182172	  0.0322741	277
0	  0.0022360	  0.0298937	  0.0346795	  0.0007036	  0.0158828	  0.0791695	  0.0195760	  0.0363430	  0.0287407	  0.0114738	  0.0211957	278
0	  0.0041108	  0.0148192	  0.0112302	  0.0086818	  0.0008542	  0.0651233	  0.0163735	  0.0281047	  0.0508201	  0.0118145	  0.0379949	279
0	  0.0068129	  0.0183195	  0.0191805	  0.0040224	  0.0111875	  0.0434132	  0.0162493	  0.0393445	  0.1821163	  0.0125694	  0.0275316	280
0	  0.0191794	  0.0103976	  0.0292995	  0.0028267	  0.0074368	  0.1190538	  0.0117109	  0.0122268	  0.1296140	  0.0113094	  0.0282565	281
0	  0.0073603	  0.0110329	  0.0273558	  0.0045968	  0.0106179	  0.1369457	  0.0112259	  0.0217427	  0.0943558	  0.0193855	  0.0397733	282
0	  0.0132196	  0.0183000	  0.0274705	  0.0009018	  0.0085680	  0.1883851	  0.0176059	  0.0250917	  0.1268234	  0.0160955	  0.0229659	283
0	  0.0100511	  0.0159339	  0.0298224	  0.0061835	  0.0099290	  0.1230661	  0.0174246	  0.0134696	  0.0710267	  0.0156215	  0.0280948	284
0	  0.0094267	  0.0202809	  0.0341251	  0.0044152	  0.0009001	  0.0593714	  0.0144130	  0.0212339	  0.1458707	  0.0113109	  0.0231130	285
0	  0.0167868	  0.0179742	  0.0272371	  0.0019950	  0.0035530	  0.0258699	  0.0134046	  0.0377455	  0.1779261	  0.0190370	  0.0264105	286
0	  0.0165936	  0.0140304	  0.0332647	  0.0094658	  0.0004161	  0.1335671	  0.0178129	  0.0216953	  0.1539932	  0.0180950	  0.0216408	287
0	  0.0169541	  0.0175720	  0.0114021	  0.0016933	  0.0112150	  0.0108984	  0.0194327	  0.0380715	  0.1233729	  0.0101170	  0.0278215	288
0	  0.0136846	  0.0122526	  0.0115449	  0.0081208	  0.0063028	  0.1867003	  0.0153955	  0.0391524	  0.1001174	  0.0177100	  0.0229523	289
0	  0.0010018	  0.0209308	  0.0142488	  0.0088409	  0.0199948	  0.0709775	  0.0188309	  0.0245875	  0.1919414	  0.0147163	  0.0182740	290
0	  0.0143463	  0.0252465	  0.0106652	  0.0046347	  0.0167587	  0.1150779	  0.0168413	  0.0136369	  0.1925075	  0.0135928	  0.0380154	291
0	  0.0026669	  0.0162199	  0.0218356	  0.0073498	  0.0131967	  0.1132947	  0.0144736	  0.0398312	  0.1665707	  0.0102558	  0.0340320	292
0	  0.0149529	  0.0253690	  0.0225641	  0.0020010	  0.0117988	  0.0760815	  0.0115730	  0.0263598	  0.0846762	  0.0177163	  0.0345512	293
0	  0.0197540	  0.0209690	  0.0265954	  0.0049645	  0.0086434	  0.0154853	  0.0104057	  0.0290387	  0.0705818	  0.0143148	  0.0244893	294
0	  0.0059012	  0.0222040	  0.0262061	  0.0007975	  0.0010299	  0.1099018	  0.0129680	  0.0318562	  0.1579395	  0.0132517	  0.0240038	295
0	  0.0070177	  0.0170125	  0.0301468	  0.0055465	  0.0008179	  0.1997118	  0.0147012	  0.0323775	  0.0980144	  0.0122556	  0.0174319	296
0	  0.0142240	  0.0209827	  0.0130653	  0.0078630	  0.0181506	  0.1749385	  0.0122737	  0.0148366	  0.0659670	  0.0160556	  0.0100024	297
0	  0.0147013	  0.0178980	  0.0381566	  0.0038591	  0.0076057	  0.0488250	  0.0122992	  0.0109296	  0.1579399	  0.0154708	  0.0389766	298
0	  0.0033197	  0.0251184	  0.0131116	  0.0026102	  0.0161269	  0.0478819	  0.0197101	  0.0336816	  0.1576463	  0.0132554	  0.0363615	299
0	  0.0075033	  0.0261468	  0.0350862	  0.0087678	  0.0102280	  0.1677483	  0.0126173	  0.0323413	  0.0175562	  0.0164997	  0.0157052	300
0	  0.0053985	  0.0164285	  0.0354167	  0.0014402	  0.0174511	  0.1337253	  0.0197636	  0.0232945	  0.1608662	  0.0114466	  0.0344865	301
0	  0.0074173	  0.0182352	  0.0223073	  0.0088036	  0.0125255	  0.0270065	  0.0131507	  0.0268839	  0.0620595	  0.0182313	  0.0377592	302
0	  0.0142322	  0.0223828	  0.0246172	  0.0071461	  0.0175166	  0.0423750	  0.0177595	  0.0332809	  0.1071080	  0.0190599	  0.0353364	303
0	  0.0046092	  0.0222149	  0.0344526	  0.0004501	  0.0015198	  0.1723783	  0.0140171	  0.0210278	  0.1113793	  0.0128950	  0.0217965	304
0	  0.0130847	  0.0192116	  0.0297988	  0.0063097	  0.0084072	  0.0475146	  0.0152298	  0.0220509	  0.1576042	  0.0158420	  0.0226123	305
0	  0.0059438	  0.0261718	  0.0291654	  0.0090058	  0.0129058	  0.1401613	  0.0133503	  0.0257561	  0.1610748	  0.0111655	  0.0389133	306
0	  0.0021559	  0.0296070	  0.0289461	  0.0060789	  0.0010208	  0.1705641	  0.0198973	  0.0341784	  0.0435938	  0.0158857	  0.0399643	307
0	  0.0175834	  0.0201089	  0.0278485	  0.0091002	  0.0094563	  0.1518939	  0.0156994	  0.0248575	  0.0493036	  0.0182600	  0.0193973	308
0	  0.0005571	  0.0280737	  0.0122225	  0.0085003	  0.0125213	  0.0360607	  0.0104315	  0.0366310	  0.0324502	  0.0172890	  0.0263196	309
0	  0.0117799	  0.0232997	  0.0255882	  0.0092131	  0.0057781	  0.1662710	  0.0111198	  0.0251558	  0.0402917	  0.0162001	  0.0183992	310
0	  0.0182189	  0.0166261	  0.0258625	  0.0005173	  0.0090686	  0.0537557	  0.0181450	  0.0170472	  0.1110982	  0.0134069	  0.0393860	311
0	  0.0176023	  0.0205081	  0.0163139	  0.0054549	  0.0014140	  0.1745075	  0.0198238	  0.0383848	  0.0202511	  0.0103430	  0.0299752	312
0	  0.0054747	  0.0164955	  0.0150955	  0.0015958	  0.0193106	  0.0370442	  0.0173091	  0.0318916	  0.1256887	  0.0111433	  0.0312785	313
0	  0.0123860	  0.0118422	  0.0351677	  0.0040886	  0.0180823	  0.0310853	  0.0193698	  0.0175066	  0.0628347	  0.0118176	  0.0176754	314
0	  0.0021176	  0.0246390	  0.0360733	  0.0091226	  0.0159993	  0.1844435	  0.0164703	  0.0157304	  0.1582012	  0.0144499	  0.0389379	315
0	  0.0177182	  0.0134962	  0.0399187	  0.0010927	  0.0122892	  0.1570394	  0.0139390	  0.0302163	  0.1211164	  0.0191613	  0.0233464	316
0	  0.0099323	  0.0290009	  0.0154101	  0.0099483	  0.0045948	  0.1547484	  0.0110252	  0.0124617	  0.1928125	  0.0148758	  0.0309412	317
0	  0.0048707	  0.0162846	  0.0154018	  0.0016244	  0.0021720	  0.0408853	  0.0119686	  0.0358810	  0.0359224	  0.0146121	  0.0289318	318
0	  0.0158128	  0.0251234	  0.0369552	  0.0062941	  0.0071826	  0.1939237	  0.0108235	  0.0337490	  0.0880771	  0.0150304	  0.0202590	319
0	  0.0150166	  0.0230989	  0.0329776	  0.0070290	  0.0190624	  0.0539272	  0.0141296	  0.0300642	  0.1571911	  0.0150664	  0.0212724	320
0	  0.0057602	  0.0117595	  0.0101830	  0.0065313	  0.0168828	  0.1285877	  0.0106914	  0.0110120	  0.1847320	  0.0109445	  0.0127524	321
0	  0.0040202	  0.0263095	  0.0276810	  0.0098327	  0.0131429	  0.0559740	  0.0115810	  0.0280894	  0.0289226	  0.0104964	  0.0168992	322
0	  0.0044961	  0.0190909	  0.0164913	  0.0031890	  0.0080191	  0.0789938	  0.0185070	  0.0264622	  0.1605318	  0.0110650	  0.0185969	323
0	  0.0089801	  0.0211522	  0.0316049	  0.0091702	  0.0155944	  0.1840692	  0.0137736	  0.0102526	  0.1618217	  0.0155523	  0.0236121	324
0	  0.0016630	  0.0188456	  0.0223090	  0.0049265	  0.0056857	  0.1420911	  0.0119826	  0.0262068	  0.0653004	  0.0194600	  0.0313575	325
0	  0.0082963	  0.0173586	  0.0279738	  0.0001209	  0.0136179	  0.0965614	  0.0196222	  0.0201392	  0.1289369	  0.0171396	  0.0316018	326
0	  0.0074637	  0.0143465	  0.0352441	  0.0091061	  0.0188868	  0.1741567	  0.0195844	  0.0115055	  0.0577269	  0.0106667	  0.0296810	327
0	  0.0127860	  0.0159289	  0.0261525	  0.0069651	  0.0059898	  0.0858261	  0.0144872	  0.0303608	  0.1816647	  0.0135804	  0.0272325	328
0	  0.0178663	  0.0158854	  0.0297218	  0.0050810	  0.0011367	  0.1713305	  0.0195561	  0.0172653	  0.1413248	  0.0124879	  0.0390686	329
0	  0.0177195	  0.0233139	  0.0274554	  0.0095921	  0.0193526	  0.1556717	  0.0132192	  0.0332698	  0.1731736	  0.0130109	  0.0313417	330
0	  0.0040808	  0.0197665	  0.0155062	  0.0038180	  0.0184405	  0.0504852	  0.0115908	  0.0361298	  0.0643034	  0.0165374	  0.0175860	331
0	  0.0052991	  0.0289170	  0.0220431	  0.0036366	  0.0140327	  0.0722473	  0.0104158	  0.0328491	  0.0356164	  0.0135215	  0.0158086	332
0	  0.0020845	  0.0109714	  0.0373765	  0.0087099	  0.0184234	  0.0427491	  0.0123903	  0.0368520	  0.1115297	  0.0183081	  0.0210769	333
0	  0.0013149	  0.0173047	  0.0329296	  0.0021304	  0.0178347	  0.1610940	  0.0115327	  0.0318307	  0.1279910	  0.0191527	  0.0271801	334
0	  0.0016153	  0.0127520	  0.0396012	  0.0094232	  0.0036899	  0.1763790	  0.0112447	  0.0128027	  0.1960854	  0.0164509	  0.0168082	335
0	  0.0037230	  0.0130756	  0.0376142	  0.0024240	  0.0003611	  0.1766044	  0.0117795	  0.0366803	  0.0277431	  0.0158171	  0.0329575	336
0	  0.0029410	  0.0113815	  0.0184647	  0.0044123	  0.0062446	  0.1236267	  0.0125177	  0.0251392	  0.1562233	  0.0171545	  0.0135066	337
0	  0.0096110	  0.0136436	  0.0252940	  0.0055138	  0.0062603	  0.0950891	  0.0179999	  0.0398082	  0.0285881	  0.0114640	  0.0117685	338
0	  0.0185988	  0.0270221	  0.0107041	  0.0026250	  0.0031514	  0.1414677	  0.0152275	  0.0367594	  0.1919670	  0.0132296	  0.0126182	339
0	  0.0060063	  0.0138410	  0.0396184	  0.0014055	  0.0173649	  0.1029571	  0.0140452	  0.0393158	  0.0210119	  0.0119556	  0.0154679	340
0	  0.0024917	  0.0161816	  0.0155428	  0.0030923	  0.0080530	  0.0825893	  0.0102714	  0.0176224	  0.0936432	  0.0159401	  0.0254345	341
0	  0.0151376	  0.0254987	  0.0295541	  0.0082976	  0.0143820	  0.1643725	  0.0139420	  0.0147834	  0.0682341	  0.0137557	  0.0297318	342
0	  0.0019792	  0.0182238	  0.0102767	  0.0026100	  0.0153128	  0.1116949	  0.0125068	  0.0210271	  0.1711423	  0.0103030	  0.0262030	343
0	  0.0018295	  0.0180898	  0.0355698	  0.0065231	  0.0129183	  0.1513124	  0.0189015	  0.0384730	  0.1770170	  0.0173014	  0.0326085	344
0	  0.0003224	  0.0134737	  0.0359686	  0.0038837	  0.0056070	  0.0552334	  0.0156103	  0.0294490	  0.1902370	  0.0114066	  0.0138383	345
0	  0.0053699	  0.0127348	  0.0287796	  0.0003051	  0.0001540	  0.0224753	  0.0126122	  0.0233045	  0.1179325	  0.0187715	  0.0118571	346
0	  0.0074227	  0.0254757	  0.0146750	  0.0018297	  0.0087410	  0.1766831	  0.0147129	  0.0395731	  0.1511036	  0.0151759	  0.0150817	347
0	  0.0199829	  0.0243650	  0.0259221	  0.0092493	  0.0016875	  0.0842657	  0.0176644	  0.0227251	  0.1093949	  0.0193432	  0.0383063	348
0	  0.0040909	  0.0294037	  0.0251626	  0.0075610	  0.0024735	  0.1946404	  0.0100209	  0.0262657	  0.1303962	  0.0103815	  0.0367144	349
0	  0.0108558	  0.0137742	  0.0379738	  0.0082261	  0.0154341	  0.1336414	  0.0138089	  0.0140351	  0.0386182	  0.0132431	  0.0156979	350
0	  0.0115660	  0.0271730	  0.0129016	  0.0065775	  0.0061210	  0.0583861	  0.0139533	  0.0256981	  0.1604358	  0.0192851	  0.0266348	351
0	  0.0117000	  0.0218541	  0.0297509	  0.0091958	  0.0072613	  0.1869145	  0.0180827	  0.0361054	  0.0558492	  0.0101510	  0.0151279	352
0	  0.0070781	  0.0258191	  0.0300470	  0.0013952	  0.0025058	  0.1749089	  0.0138553	  0.0266476	  0.1152727	  0.0127232	  0.0340916	353
0	  0.0145597	  0.0262472	  0.0160970	  0.0096968	  0.0078769	  0.1842255	  0.0185130	  0.0338452	  0.1998831	  0.0196957	  0.0242497	354
0	  0.0046219	  0.0170953	  0.0197967	  0.0032865	  0.0174168	  0.1058554	  0.0154266	  0.0229941	  0.1954263	  0.0116464	  0.0129129	355
0	  0.0183941	  0.0238282	  0.0202646	  0.0072304	  0.0171509	  0.0115519	  0.0133248	  0.0256722	  0.0291342	  0.0195936	  0.0116823	356
0	  0.0142765	  0.0103974	  0.0182360	  0.0066986	  0.0038627	  0.1971309	  0.0191341	  0.0240370	  0.0200512	  0.0164561	  0.0191191	357
0	  0.0044710	  0.0217323	  0.0255323	  0.0032602	  0.0039239	  0.0931266	  0.0145260	  0.0287060	  0.1957130	  0.0176839	  0.0230987	358
0	  0.0115229	  0.0240287	  0.0270814	  0.0095491	  0.0101966	  0.0221399	  0.0133621	  0.0141779	  0.1747766	  0.0167961	  0.0364851	359
0	  0.0170503	  0.0149272	  0.0149000	  0.0001463	  0.0161894	  0.1636828	  0.0177843	  0.0176024	  0.1020564	  0.0183927	  0.0149750	360
0	  0.0098896	  0.0173064	  0.0360946	  0.0041248	  0.0169122	  0.1660927	  0.0198618	  0.0124982	  0.0105657	  0.0169439	  0.0110963	361
