32
1.797889 3.432343 0.139679 2.468048 0.010315 0.901398 3.787140 0.129822 2.748291 0.022217 0.947479 1.275696 1
1.799426 3.425507 0.141052 2.467865 0.010315 0.901855 3.806732 0.121704 2.785583 0.022125 0.940674 1.275635 2
1.799475 3.427460 0.146881 2.466827 0.010254 0.901916 3.779297 0.122284 2.744385 0.023865 0.948517 1.275757 3
1.799475 3.427460 0.146881 2.466827 0.010254 0.901916 3.779297 0.122284 2.744385 0.023865 0.948517 1.275757 4
1.799475 3.427460 0.146881 2.466827 0.010254 0.901916 3.779297 0.122284 2.744385 0.023865 0.948517 1.275757 5
1.799475 3.427460 0.146881 2.466827 0.010254 0.901916 3.779297 0.122284 2.744385 0.023865 0.948517 1.275757 6
1.799475 3.427460 0.146881 2.466827 0.010254 0.901916 3.779297 0.122284 2.744385 0.023865 0.948517 1.275757 7
1.799475 3.427460 0.146881 2.466827 0.010254 0.901916 3.779297 0.122284 2.744385 0.023865 0.948517 1.275757 8
1.799475 3.427460 0.146881 2.466827 0.010254 0.901916 3.779297 0.122284 2.744385 0.023865 0.948517 1.275757 9
1.799987 3.425018 0.145447 2.467773 0.010315 0.900970 3.791382 0.117828 2.732605 0.023743 0.948700 1.283508 10
1.800035 3.435211 0.139740 2.466827 0.010315 0.901855 3.799103 0.132141 2.736298 0.023193 0.948456 1.275757 11
1.800035 3.435211 0.139740 2.466827 0.010315 0.901855 3.799103 0.132141 2.736298 0.023193 0.948456 1.275757 12
1.800035 3.435211 0.139740 2.466827 0.010315 0.901855 3.799103 0.132141 2.736298 0.023193 0.948456 1.275757 13
1.800035 3.435211 0.139740 2.466827 0.010315 0.901855 3.799103 0.132141 2.736298 0.023193 0.948456 1.275757 14
1.800035 3.435211 0.139740 2.466827 0.010315 0.901855 3.799103 0.132141 2.736298 0.023193 0.948456 1.275757 15
1.800170 3.427643 0.141571 2.467773 0.010315 0.902161 3.791382 0.118591 2.749054 0.023743 0.948486 1.275696 16
1.800249 3.427368 0.141144 2.465851 0.010315 0.900940 3.799103 0.117798 2.732605 0.023224 0.948700 1.276672 17
1.800269 3.427368 0.142426 2.452179 0.010315 0.901916 3.755890 0.117676 2.783600 0.023346 0.948975 1.275757 18
1.800269 3.427368 0.142426 2.452179 0.010315 0.901916 3.755890 0.117676 2.783600 0.023346 0.948975 1.275757 19
1.800269 3.427368 0.142426 2.452179 0.010315 0.901916 3.755890 0.117676 2.783600 0.023346 0.948975 1.275757 20
1.800269 3.427368 0.142426 2.452179 0.010315 0.901916 3.755890 0.117676 2.783600 0.023346 0.948975 1.275757 21
1.800496 3.435120 0.141144 2.350586 0.010315 0.900879 3.806702 0.117798 2.746094 0.023224 0.939697 1.322571 22
1.800505 3.432312 0.149445 2.350708 0.010315 0.901398 3.807007 0.118439 2.746582 0.023499 0.948975 1.340759 23
1.800618 3.431274 0.142426 2.451233 0.010254 0.901916 3.760071 0.117676 2.740723 0.023224 0.948975 1.275757 24
1.800671 3.432251 0.138855 2.499115 0.010315 0.902161 3.779327 0.129303 2.740204 0.023743 0.949005 1.273804 25
1.800671 3.432251 0.138855 2.499115 0.010315 0.902161 3.779327 0.129303 2.740204 0.023743 0.949005 1.273804 26
1.800924 3.421387 0.148346 2.459961 0.010315 0.901916 3.775696 0.117859 2.746155 0.023346 0.948975 1.306946 27
1.800924 3.421387 0.148346 2.459961 0.010315 0.901916 3.775696 0.117859 2.746155 0.023346 0.948975 1.306946 28
1.801094 3.435150 0.141541 2.459961 0.010315 0.901062 3.764191 0.129822 2.725220 0.022217 0.949097 1.275787 29
1.801723 3.425507 0.141418 2.468048 0.010315 0.902161 3.775452 0.117798 2.783112 0.023224 0.940643 1.340210 30
1.801790 3.433319 0.134949 2.465912 0.010437 0.902161 3.806946 0.131226 2.722656 0.022339 0.948975 1.267883 31
1.804591 3.433075 0.148010 2.055603 0.010895 0.901947 3.769714 0.117828 2.748230 0.023285 0.948975 1.400818 32
