432
        1.797889        3.432343        0.139679        2.468048        0.010315        0.901398        3.787140        0.129822        2.748291        0.022217        0.947479        1.275696      178
        1.799426        3.425507        0.141052        2.467865        0.010315        0.901855        3.806732        0.121704        2.785583        0.022125        0.940674        1.275635      442
        1.799475        3.427460        0.146881        2.466827        0.010254        0.901916        3.779297        0.122284        2.744385        0.023865        0.948517        1.275757        1
        1.799475        3.427460        0.146881        2.466827        0.010254        0.901916        3.779297        0.122284        2.744385        0.023865        0.948517        1.275757        3
        1.799475        3.427460        0.146881        2.466827        0.010254        0.901916        3.779297        0.122284        2.744385        0.023865        0.948517        1.275757        1
        1.799475        3.427460        0.146881        2.466827        0.010254        0.901916        3.779297        0.122284        2.744385        0.023865        0.948517        1.275757        4
        1.799475        3.427460        0.146881        2.466827        0.010254        0.901916        3.779297        0.122284        2.744385        0.023865        0.948517        1.275757        1
        1.799475        3.427460        0.146881        2.466827        0.010254        0.901916        3.779297        0.122284        2.744385        0.023865        0.948517        1.275757        1
        1.799475        3.427460        0.146881        2.466827        0.010254        0.901916        3.779297        0.122284        2.744385        0.023865        0.948517        1.275757        4
        1.799987        3.425018        0.145447        2.467773        0.010315        0.900970        3.791382        0.117828        2.732605        0.023743        0.948700        1.283508      441
        1.800035        3.435211        0.139740        2.466827        0.010315        0.901855        3.799103        0.132141        2.736298        0.023193        0.948456        1.275757        8
        1.800035        3.435211        0.139740        2.466827        0.010315        0.901855        3.799103        0.132141        2.736298        0.023193        0.948456        1.275757        7
        1.800035        3.435211        0.139740        2.466827        0.010315        0.901855        3.799103        0.132141        2.736298        0.023193        0.948456        1.275757        8
        1.800035        3.435211        0.139740        2.466827        0.010315        0.901855        3.799103        0.132141        2.736298        0.023193        0.948456        1.275757        7
        1.800035        3.435211        0.139740        2.466827        0.010315        0.901855        3.799103        0.132141        2.736298        0.023193        0.948456        1.275757        8
        1.800170        3.427643        0.141571        2.467773        0.010315        0.902161        3.791382        0.118591        2.749054        0.023743        0.948486        1.275696      333
        1.800249        3.427368        0.141144        2.465851        0.010315        0.900940        3.799103        0.117798        2.732605        0.023224        0.948700        1.276672        9
        1.800269        3.427368        0.142426        2.452179        0.010315        0.901916        3.755890        0.117676        2.783600        0.023346        0.948975        1.275757       11
        1.800269        3.427368        0.142426        2.452179        0.010315        0.901916        3.755890        0.117676        2.783600        0.023346        0.948975        1.275757       12
        1.800269        3.427368        0.142426        2.452179        0.010315        0.901916        3.755890        0.117676        2.783600        0.023346        0.948975        1.275757       11
        1.800269        3.427368        0.142426        2.452179        0.010315        0.901916        3.755890        0.117676        2.783600        0.023346        0.948975        1.275757       11
        1.800496        3.435120        0.141144        2.350586        0.010315        0.900879        3.806702        0.117798        2.746094        0.023224        0.939697        1.322571      179
        1.800505        3.432312        0.149445        2.350708        0.010315        0.901398        3.807007        0.118439        2.746582        0.023499        0.948975        1.340759      435
        1.800618        3.431274        0.142426        2.451233        0.010254        0.901916        3.760071        0.117676        2.740723        0.023224        0.948975        1.275757       13
        1.800671        3.432251        0.138855        2.499115        0.010315        0.902161        3.779327        0.129303        2.740204        0.023743        0.949005        1.273804       14
        1.800671        3.432251        0.138855        2.499115        0.010315        0.902161        3.779327        0.129303        2.740204        0.023743        0.949005        1.273804       14
        1.800924        3.421387        0.148346        2.459961        0.010315        0.901916        3.775696        0.117859        2.746155        0.023346        0.948975        1.306946       16
        1.800924        3.421387        0.148346        2.459961        0.010315        0.901916        3.775696        0.117859        2.746155        0.023346        0.948975        1.306946       16
        1.801094        3.435150        0.141541        2.459961        0.010315        0.901062        3.764191        0.129822        2.725220        0.022217        0.949097        1.275787      318
        1.801723        3.425507        0.141418        2.468048        0.010315        0.902161        3.775452        0.117798        2.783112        0.023224        0.940643        1.340210      668
        1.801790        3.433319        0.134949        2.465912        0.010437        0.902161        3.806946        0.131226        2.722656        0.022339        0.948975        1.267883       17
        1.801790        3.433319        0.134949        2.465912        0.010437        0.902161        3.806946        0.131226        2.722656        0.022339        0.948975        1.267883       17
        1.801889        3.432343        0.141479        2.467804        0.010315        0.901947        3.807922        0.131287        2.733093        0.023285        0.948486        1.275757       21
        1.801889        3.432343        0.141479        2.467804        0.010315        0.901947        3.807922        0.131287        2.733093        0.023285        0.948486        1.275757       42
        1.801889        3.432343        0.141479        2.467804        0.010315        0.901947        3.807922        0.131287        2.733093        0.023285        0.948486        1.275757       38
        1.801889        3.432343        0.141479        2.467804        0.010315        0.901947        3.807922        0.131287        2.733093        0.023285        0.948486        1.275757       42
        1.801889        3.432343        0.141479        2.467804        0.010315        0.901947        3.807922        0.131287        2.733093        0.023285        0.948486        1.275757       40
        1.801889        3.432343        0.141479        2.467804        0.010315        0.901947        3.807922        0.131287        2.733093        0.023285        0.948486        1.275757       28
        1.801889        3.432343        0.141479        2.467804        0.010315        0.901947        3.807922        0.131287        2.733093        0.023285        0.948486        1.275757       22
        1.801889        3.432343        0.141479        2.467804        0.010315        0.901947        3.807922        0.131287        2.733093        0.023285        0.948486        1.275757       31
        1.801889        3.432343        0.141479        2.467804        0.010315        0.901947        3.807922        0.131287        2.733093        0.023285        0.948486        1.275757       25
        1.801889        3.432343        0.141479        2.467804        0.010315        0.901947        3.807922        0.131287        2.733093        0.023285        0.948486        1.275757       31
        1.801889        3.432343        0.141479        2.467804        0.010315        0.901947        3.807922        0.131287        2.733093        0.023285        0.948486        1.275757       33
        1.801889        3.432343        0.141479        2.467804        0.010315        0.901947        3.807922        0.131287        2.733093        0.023285        0.948486        1.275757       26
        1.801889        3.432343        0.141479        2.467804        0.010315        0.901947        3.807922        0.131287        2.733093        0.023285        0.948486        1.275757       27
        1.801889        3.432343        0.141479        2.467804        0.010315        0.901947        3.807922        0.131287        2.733093        0.023285        0.948486        1.275757       40
        1.801889        3.432343        0.141479        2.467804        0.010315        0.901947        3.807922        0.131287        2.733093        0.023285        0.948486        1.275757       38
        1.801889        3.432343        0.141479        2.467804        0.010315        0.901947        3.807922        0.131287        2.733093        0.023285        0.948486        1.275757       33
        1.801889        3.432343        0.141479        2.467804        0.010315        0.901947        3.807922        0.131287        2.733093        0.023285        0.948486        1.275757       22
        1.801889        3.432343        0.141479        2.467804        0.010315        0.901947        3.807922        0.131287        2.733093        0.023285        0.948486        1.275757       29
        1.801889        3.432343        0.141479        2.467804        0.010315        0.901947        3.807922        0.131287        2.733093        0.023285        0.948486        1.275757       41
        1.801889        3.432343        0.141479        2.467804        0.010315        0.901947        3.807922        0.131287        2.733093        0.023285        0.948486        1.275757       30
        1.801889        3.432343        0.141479        2.467804        0.010315        0.901947        3.807922        0.131287        2.733093        0.023285        0.948486        1.275757       18
        1.801889        3.432343        0.141479        2.467804        0.010315        0.901947        3.807922        0.131287        2.733093        0.023285        0.948486        1.275757       26
        1.801889        3.432343        0.141479        2.467804        0.010315        0.901947        3.807922        0.131287        2.733093        0.023285        0.948486        1.275757       25
        1.801889        3.432343        0.141479        2.467804        0.010315        0.901947        3.807922        0.131287        2.733093        0.023285        0.948486        1.275757       43
        1.801889        3.432343        0.141479        2.467804        0.010315        0.901947        3.807922        0.131287        2.733093        0.023285        0.948486        1.275757       22
        1.801889        3.432343        0.141479        2.467804        0.010315        0.901947        3.807922        0.131287        2.733093        0.023285        0.948486        1.275757       22
        1.801889        3.432343        0.141479        2.467804        0.010315        0.901947        3.807922        0.131287        2.733093        0.023285        0.948486        1.275757       39
        1.801889        3.432343        0.141479        2.467804        0.010315        0.901947        3.807922        0.131287        2.733093        0.023285        0.948486        1.275757       33
        1.801889        3.432343        0.141479        2.467804        0.010315        0.901947        3.807922        0.131287        2.733093        0.023285        0.948486        1.275757       22
        1.801889        3.432343        0.141479        2.467804        0.010315        0.901947        3.807922        0.131287        2.733093        0.023285        0.948486        1.275757       19
        1.801889        3.432343        0.141479        2.467804        0.010315        0.901947        3.807922        0.131287        2.733093        0.023285        0.948486        1.275757       26
        1.801889        3.432343        0.141479        2.467804        0.010315        0.901947        3.807922        0.131287        2.733093        0.023285        0.948486        1.275757       32
        1.801889        3.432343        0.141479        2.467804        0.010315        0.901947        3.807922        0.131287        2.733093        0.023285        0.948486        1.275757       31
        1.801889        3.432343        0.141479        2.467804        0.010315        0.901947        3.807922        0.131287        2.733093        0.023285        0.948486        1.275757       24
        1.801889        3.432343        0.141479        2.467804        0.010315        0.901947        3.807922        0.131287        2.733093        0.023285        0.948486        1.275757       36
        1.801889        3.432343        0.141479        2.467804        0.010315        0.901947        3.807922        0.131287        2.733093        0.023285        0.948486        1.275757       36
        1.801889        3.432343        0.141479        2.467804        0.010315        0.901947        3.807922        0.131287        2.733093        0.023285        0.948486        1.275757       20
        1.801889        3.432343        0.141479        2.467804        0.010315        0.901947        3.807922        0.131287        2.733093        0.023285        0.948486        1.275757       19
        1.801889        3.432343        0.141479        2.467804        0.010315        0.901947        3.807922        0.131287        2.733093        0.023285        0.948486        1.275757       31
        1.801889        3.432343        0.141479        2.467804        0.010315        0.901947        3.807922        0.131287        2.733093        0.023285        0.948486        1.275757       30
        1.801889        3.432343        0.141479        2.467804        0.010315        0.901947        3.807922        0.131287        2.733093        0.023285        0.948486        1.275757       34
        1.801889        3.432343        0.141479        2.467804        0.010315        0.901947        3.807922        0.131287        2.733093        0.023285        0.948486        1.275757       34
        1.801889        3.432343        0.141479        2.467804        0.010315        0.901947        3.807922        0.131287        2.733093        0.023285        0.948486        1.275757       36
        1.801889        3.432343        0.141479        2.467804        0.010315        0.901947        3.807922        0.131287        2.733093        0.023285        0.948486        1.275757       21
        1.801889        3.432343        0.141479        2.467804        0.010315        0.901947        3.807922        0.131287        2.733093        0.023285        0.948486        1.275757       24
        1.801889        3.432343        0.141479        2.467804        0.010315        0.901947        3.807922        0.131287        2.733093        0.023285        0.948486        1.275757       40
        1.801889        3.432343        0.141479        2.467804        0.010315        0.901947        3.807922        0.131287        2.733093        0.023285        0.948486        1.275757       42
        1.801889        3.432343        0.141479        2.467804        0.010315        0.901947        3.807922        0.131287        2.733093        0.023285        0.948486        1.275757       32
        1.801889        3.432343        0.141479        2.467804        0.010315        0.901947        3.807922        0.131287        2.733093        0.023285        0.948486        1.275757       42
        1.801889        3.432343        0.141479        2.467804        0.010315        0.901947        3.807922        0.131287        2.733093        0.023285        0.948486        1.275757       28
        1.801936        3.427399        0.139740        2.452179        0.010254        0.902161        3.804871        0.117859        2.725128        0.023346        0.948517        1.275757       44
        1.802319        3.432343        0.138855        2.305481        0.010895        0.901855        3.806702        0.131775        2.744415        0.021271        0.949097        1.306946       45
        1.802319        3.432343        0.138855        2.305481        0.010895        0.901855        3.806702        0.131775        2.744415        0.021271        0.949097        1.306946       46
        1.802319        3.432343        0.138855        2.305481        0.010895        0.901855        3.806702        0.131775        2.744415        0.021271        0.949097        1.306946       46
        1.802319        3.432343        0.138855        2.305481        0.010895        0.901855        3.806702        0.131775        2.744415        0.021271        0.949097        1.306946       45
        1.802319        3.432343        0.138855        2.305481        0.010895        0.901855        3.806702        0.131775        2.744415        0.021271        0.949097        1.306946       45
        1.802319        3.432343        0.138855        2.305481        0.010895        0.901855        3.806702        0.131775        2.744415        0.021271        0.949097        1.306946       46
        1.802593        3.432587        0.147400        2.222504        0.010895        0.901916        3.811798        0.124359        2.728760        0.023346        0.948517        1.340210       55
        1.802593        3.432587        0.147400        2.222504        0.010895        0.901916        3.811798        0.124359        2.728760        0.023346        0.948517        1.340210       48
        1.802593        3.432587        0.147400        2.222504        0.010895        0.901916        3.811798        0.124359        2.728760        0.023346        0.948517        1.340210       48
        1.802593        3.432587        0.147400        2.222504        0.010895        0.901916        3.811798        0.124359        2.728760        0.023346        0.948517        1.340210       47
        1.802593        3.432587        0.147400        2.222504        0.010895        0.901916        3.811798        0.124359        2.728760        0.023346        0.948517        1.340210       49
        1.802593        3.432587        0.147400        2.222504        0.010895        0.901916        3.811798        0.124359        2.728760        0.023346        0.948517        1.340210       51
        1.802593        3.432587        0.147400        2.222504        0.010895        0.901916        3.811798        0.124359        2.728760        0.023346        0.948517        1.340210       47
        1.802593        3.432587        0.147400        2.222504        0.010895        0.901916        3.811798        0.124359        2.728760        0.023346        0.948517        1.340210       50
        1.802593        3.432587        0.147400        2.222504        0.010895        0.901916        3.811798        0.124359        2.728760        0.023346        0.948517        1.340210       50
        1.802593        3.432587        0.147400        2.222504        0.010895        0.901916        3.811798        0.124359        2.728760        0.023346        0.948517        1.340210       50
        1.802593        3.432587        0.147400        2.222504        0.010895        0.901916        3.811798        0.124359        2.728760        0.023346        0.948517        1.340210       51
        1.802593        3.432587        0.147400        2.222504        0.010895        0.901916        3.811798        0.124359        2.728760        0.023346        0.948517        1.340210       50
        1.802593        3.432587        0.147400        2.222504        0.010895        0.901916        3.811798        0.124359        2.728760        0.023346        0.948517        1.340210       54
        1.802593        3.432587        0.147400        2.222504        0.010895        0.901916        3.811798        0.124359        2.728760        0.023346        0.948517        1.340210       51
        1.802593        3.432587        0.147400        2.222504        0.010895        0.901916        3.811798        0.124359        2.728760        0.023346        0.948517        1.340210       51
        1.802593        3.432587        0.147400        2.222504        0.010895        0.901916        3.811798        0.124359        2.728760        0.023346        0.948517        1.340210       49
        1.802593        3.432587        0.147400        2.222504        0.010895        0.901916        3.811798        0.124359        2.728760        0.023346        0.948517        1.340210       53
        1.802657        3.432251        0.135773        2.404358        0.010315        0.901916        3.810608        0.122528        2.748505        0.021454        0.948975        1.275696       57
        1.802657        3.432251        0.135773        2.404358        0.010315        0.901916        3.810608        0.122528        2.748505        0.021454        0.948975        1.275696       56
        1.802657        3.432251        0.135773        2.404358        0.010315        0.901916        3.810608        0.122528        2.748505        0.021454        0.948975        1.275696       56
        1.802657        3.432251        0.135773        2.404358        0.010315        0.901916        3.810608        0.122528        2.748505        0.021454        0.948975        1.275696       57
        1.802666        3.424377        0.141144        2.491852        0.010437        0.901459        3.806702        0.131378        2.781952        0.021393        0.948975        1.287384       58
        1.802774        3.432159        0.147491        2.001587        0.010895        0.901459        3.777618        0.117462        2.798737        0.021271        0.948486        1.307007      222
        1.802795        3.427338        0.141388        2.467804        0.010437        0.901916        3.804748        0.117676        2.746094        0.022217        0.940735        1.275696      137
        1.802799        3.435120        0.139679        2.031891        0.011414        0.902161        3.779358        0.120392        2.747101        0.023285        0.948700        1.276245      351
        1.802869        3.436249        0.138672        2.230255        0.011139        0.900940        3.775696        0.131287        2.738281        0.021332        0.948975        1.306946       60
        1.802869        3.436249        0.138672        2.230255        0.011139        0.900940        3.775696        0.131287        2.738281        0.021332        0.948975        1.306946       61
        1.802869        3.436249        0.138672        2.230255        0.011139        0.900940        3.775696        0.131287        2.738281        0.021332        0.948975        1.306946       59
        1.802869        3.436249        0.138672        2.230255        0.011139        0.900940        3.775696        0.131287        2.738281        0.021332        0.948975        1.306946       60
        1.802869        3.436249        0.138672        2.230255        0.011139        0.900940        3.775696        0.131287        2.738281        0.021332        0.948975        1.306946       60
        1.802869        3.436249        0.138672        2.230255        0.011139        0.900940        3.775696        0.131287        2.738281        0.021332        0.948975        1.306946       59
        1.802869        3.436249        0.138672        2.230255        0.011139        0.900940        3.775696        0.131287        2.738281        0.021332        0.948975        1.306946       59
        1.803069        3.436249        0.147400        2.250153        0.010315        0.905884        3.780365        0.131775        2.748108        0.023499        0.948517        1.306946       63
        1.803069        3.436249        0.147400        2.250153        0.010315        0.905884        3.780365        0.131775        2.748108        0.023499        0.948517        1.306946       63
        1.803069        3.436249        0.147400        2.250153        0.010315        0.905884        3.780365        0.131775        2.748108        0.023499        0.948517        1.306946       62
        1.803069        3.436249        0.147400        2.250153        0.010315        0.905884        3.780365        0.131775        2.748108        0.023499        0.948517        1.306946       62
        1.803069        3.436249        0.147400        2.250153        0.010315        0.905884        3.780365        0.131775        2.748108        0.023499        0.948517        1.306946       63
        1.803071        3.427643        0.141541        2.335541        0.010895        0.902039        3.807007        0.118774        2.733063        0.022217        0.948517        1.291779      498
        1.803220        3.425537        0.147400        2.001617        0.011292        0.902191        3.807007        0.117798        2.746094        0.022247        0.948975        1.295227      108
        1.803220        3.425537        0.147400        2.001617        0.011292        0.902191        3.807007        0.117798        2.746094        0.022247        0.948975        1.295227      109
        1.803220        3.425537        0.147400        2.001617        0.011292        0.902191        3.807007        0.117798        2.746094        0.022247        0.948975        1.295227      126
        1.803220        3.425537        0.147400        2.001617        0.011292        0.902191        3.807007        0.117798        2.746094        0.022247        0.948975        1.295227       68
        1.803220        3.425537        0.147400        2.001617        0.011292        0.902191        3.807007        0.117798        2.746094        0.022247        0.948975        1.295227       65
        1.803220        3.425537        0.147400        2.001617        0.011292        0.902191        3.807007        0.117798        2.746094        0.022247        0.948975        1.295227      112
        1.803220        3.425537        0.147400        2.001617        0.011292        0.902191        3.807007        0.117798        2.746094        0.022247        0.948975        1.295227      129
        1.803220        3.425537        0.147400        2.001617        0.011292        0.902191        3.807007        0.117798        2.746094        0.022247        0.948975        1.295227       80
        1.803220        3.425537        0.147400        2.001617        0.011292        0.902191        3.807007        0.117798        2.746094        0.022247        0.948975        1.295227      107
        1.803220        3.425537        0.147400        2.001617        0.011292        0.902191        3.807007        0.117798        2.746094        0.022247        0.948975        1.295227       70
        1.803220        3.425537        0.147400        2.001617        0.011292        0.902191        3.807007        0.117798        2.746094        0.022247        0.948975        1.295227      129
        1.803220        3.425537        0.147400        2.001617        0.011292        0.902191        3.807007        0.117798        2.746094        0.022247        0.948975        1.295227       76
        1.803220        3.425537        0.147400        2.001617        0.011292        0.902191        3.807007        0.117798        2.746094        0.022247        0.948975        1.295227      101
        1.803220        3.425537        0.147400        2.001617        0.011292        0.902191        3.807007        0.117798        2.746094        0.022247        0.948975        1.295227       77
        1.803220        3.425537        0.147400        2.001617        0.011292        0.902191        3.807007        0.117798        2.746094        0.022247        0.948975        1.295227      136
        1.803220        3.425537        0.147400        2.001617        0.011292        0.902191        3.807007        0.117798        2.746094        0.022247        0.948975        1.295227       74
        1.803220        3.425537        0.147400        2.001617        0.011292        0.902191        3.807007        0.117798        2.746094        0.022247        0.948975        1.295227      119
        1.803220        3.425537        0.147400        2.001617        0.011292        0.902191        3.807007        0.117798        2.746094        0.022247        0.948975        1.295227       72
        1.803220        3.425537        0.147400        2.001617        0.011292        0.902191        3.807007        0.117798        2.746094        0.022247        0.948975        1.295227       64
        1.803220        3.425537        0.147400        2.001617        0.011292        0.902191        3.807007        0.117798        2.746094        0.022247        0.948975        1.295227       72
        1.803220        3.425537        0.147400        2.001617        0.011292        0.902191        3.807007        0.117798        2.746094        0.022247        0.948975        1.295227       99
        1.803220        3.425537        0.147400        2.001617        0.011292        0.902191        3.807007        0.117798        2.746094        0.022247        0.948975        1.295227       94
        1.803220        3.425537        0.147400        2.001617        0.011292        0.902191        3.807007        0.117798        2.746094        0.022247        0.948975        1.295227       93
        1.803220        3.425537        0.147400        2.001617        0.011292        0.902191        3.807007        0.117798        2.746094        0.022247        0.948975        1.295227       79
        1.803220        3.425537        0.147400        2.001617        0.011292        0.902191        3.807007        0.117798        2.746094        0.022247        0.948975        1.295227       70
        1.803220        3.425537        0.147400        2.001617        0.011292        0.902191        3.807007        0.117798        2.746094        0.022247        0.948975        1.295227      121
        1.803220        3.425537        0.147400        2.001617        0.011292        0.902191        3.807007        0.117798        2.746094        0.022247        0.948975        1.295227       72
        1.803220        3.425537        0.147400        2.001617        0.011292        0.902191        3.807007        0.117798        2.746094        0.022247        0.948975        1.295227       94
        1.803220        3.425537        0.147400        2.001617        0.011292        0.902191        3.807007        0.117798        2.746094        0.022247        0.948975        1.295227       96
        1.803220        3.425537        0.147400        2.001617        0.011292        0.902191        3.807007        0.117798        2.746094        0.022247        0.948975        1.295227       79
        1.803220        3.425537        0.147400        2.001617        0.011292        0.902191        3.807007        0.117798        2.746094        0.022247        0.948975        1.295227      120
        1.803220        3.425537        0.147400        2.001617        0.011292        0.902191        3.807007        0.117798        2.746094        0.022247        0.948975        1.295227       75
        1.803220        3.425537        0.147400        2.001617        0.011292        0.902191        3.807007        0.117798        2.746094        0.022247        0.948975        1.295227      138
        1.803220        3.425537        0.147400        2.001617        0.011292        0.902191        3.807007        0.117798        2.746094        0.022247        0.948975        1.295227       75
        1.803220        3.425537        0.147400        2.001617        0.011292        0.902191        3.807007        0.117798        2.746094        0.022247        0.948975        1.295227       90
        1.803220        3.425537        0.147400        2.001617        0.011292        0.902191        3.807007        0.117798        2.746094        0.022247        0.948975        1.295227       82
        1.803220        3.425537        0.147400        2.001617        0.011292        0.902191        3.807007        0.117798        2.746094        0.022247        0.948975        1.295227       65
        1.803220        3.425537        0.147400        2.001617        0.011292        0.902191        3.807007        0.117798        2.746094        0.022247        0.948975        1.295227       66
        1.803220        3.425537        0.147400        2.001617        0.011292        0.902191        3.807007        0.117798        2.746094        0.022247        0.948975        1.295227      134
        1.803220        3.425537        0.147400        2.001617        0.011292        0.902191        3.807007        0.117798        2.746094        0.022247        0.948975        1.295227       97
        1.803220        3.425537        0.147400        2.001617        0.011292        0.902191        3.807007        0.117798        2.746094        0.022247        0.948975        1.295227      100
        1.803220        3.425537        0.147400        2.001617        0.011292        0.902191        3.807007        0.117798        2.746094        0.022247        0.948975        1.295227      119
        1.803220        3.425537        0.147400        2.001617        0.011292        0.902191        3.807007        0.117798        2.746094        0.022247        0.948975        1.295227       76
        1.803220        3.425537        0.147400        2.001617        0.011292        0.902191        3.807007        0.117798        2.746094        0.022247        0.948975        1.295227       95
        1.803220        3.425537        0.147400        2.001617        0.011292        0.902191        3.807007        0.117798        2.746094        0.022247        0.948975        1.295227       87
        1.803220        3.425537        0.147400        2.001617        0.011292        0.902191        3.807007        0.117798        2.746094        0.022247        0.948975        1.295227       69
        1.803220        3.425537        0.147400        2.001617        0.011292        0.902191        3.807007        0.117798        2.746094        0.022247        0.948975        1.295227       87
        1.803220        3.425537        0.147400        2.001617        0.011292        0.902191        3.807007        0.117798        2.746094        0.022247        0.948975        1.295227       76
        1.803220        3.425537        0.147400        2.001617        0.011292        0.902191        3.807007        0.117798        2.746094        0.022247        0.948975        1.295227       83
        1.803220        3.425537        0.147400        2.001617        0.011292        0.902191        3.807007        0.117798        2.746094        0.022247        0.948975        1.295227       65
        1.803220        3.425537        0.147400        2.001617        0.011292        0.902191        3.807007        0.117798        2.746094        0.022247        0.948975        1.295227       93
        1.803220        3.425537        0.147400        2.001617        0.011292        0.902191        3.807007        0.117798        2.746094        0.022247        0.948975        1.295227       71
        1.803220        3.425537        0.147400        2.001617        0.011292        0.902191        3.807007        0.117798        2.746094        0.022247        0.948975        1.295227       68
        1.803220        3.425537        0.147400        2.001617        0.011292        0.902191        3.807007        0.117798        2.746094        0.022247        0.948975        1.295227       81
        1.803220        3.425537        0.147400        2.001617        0.011292        0.902191        3.807007        0.117798        2.746094        0.022247        0.948975        1.295227      129
        1.803220        3.425537        0.147400        2.001617        0.011292        0.902191        3.807007        0.117798        2.746094        0.022247        0.948975        1.295227       89
        1.803220        3.425537        0.147400        2.001617        0.011292        0.902191        3.807007        0.117798        2.746094        0.022247        0.948975        1.295227      122
        1.803220        3.425537        0.147400        2.001617        0.011292        0.902191        3.807007        0.117798        2.746094        0.022247        0.948975        1.295227      135
        1.803220        3.425537        0.147400        2.001617        0.011292        0.902191        3.807007        0.117798        2.746094        0.022247        0.948975        1.295227       64
        1.803220        3.425537        0.147400        2.001617        0.011292        0.902191        3.807007        0.117798        2.746094        0.022247        0.948975        1.295227       95
        1.803220        3.425537        0.147400        2.001617        0.011292        0.902191        3.807007        0.117798        2.746094        0.022247        0.948975        1.295227       82
        1.803220        3.425537        0.147400        2.001617        0.011292        0.902191        3.807007        0.117798        2.746094        0.022247        0.948975        1.295227      138
        1.803220        3.425537        0.147400        2.001617        0.011292        0.902191        3.807007        0.117798        2.746094        0.022247        0.948975        1.295227       86
        1.803220        3.425537        0.147400        2.001617        0.011292        0.902191        3.807007        0.117798        2.746094        0.022247        0.948975        1.295227      122
        1.803220        3.425537        0.147400        2.001617        0.011292        0.902191        3.807007        0.117798        2.746094        0.022247        0.948975        1.295227       97
        1.803220        3.425537        0.147400        2.001617        0.011292        0.902191        3.807007        0.117798        2.746094        0.022247        0.948975        1.295227       98
        1.803220        3.425537        0.147400        2.001617        0.011292        0.902191        3.807007        0.117798        2.746094        0.022247        0.948975        1.295227       77
        1.803220        3.425537        0.147400        2.001617        0.011292        0.902191        3.807007        0.117798        2.746094        0.022247        0.948975        1.295227      121
        1.803220        3.425537        0.147400        2.001617        0.011292        0.902191        3.807007        0.117798        2.746094        0.022247        0.948975        1.295227      128
        1.803220        3.425537        0.147400        2.001617        0.011292        0.902191        3.807007        0.117798        2.746094        0.022247        0.948975        1.295227       64
        1.803220        3.425537        0.147400        2.001617        0.011292        0.902191        3.807007        0.117798        2.746094        0.022247        0.948975        1.295227       96
        1.803220        3.425537        0.147400        2.001617        0.011292        0.902191        3.807007        0.117798        2.746094        0.022247        0.948975        1.295227      118
        1.803220        3.425537        0.147400        2.001617        0.011292        0.902191        3.807007        0.117798        2.746094        0.022247        0.948975        1.295227       85
        1.803220        3.425537        0.147400        2.001617        0.011292        0.902191        3.807007        0.117798        2.746094        0.022247        0.948975        1.295227       78
        1.803220        3.425537        0.147400        2.001617        0.011292        0.902191        3.807007        0.117798        2.746094        0.022247        0.948975        1.295227      126
        1.803220        3.425537        0.147400        2.001617        0.011292        0.902191        3.807007        0.117798        2.746094        0.022247        0.948975        1.295227       74
        1.803220        3.425537        0.147400        2.001617        0.011292        0.902191        3.807007        0.117798        2.746094        0.022247        0.948975        1.295227      116
        1.803220        3.425537        0.147400        2.001617        0.011292        0.902191        3.807007        0.117798        2.746094        0.022247        0.948975        1.295227      129
        1.803220        3.425537        0.147400        2.001617        0.011292        0.902191        3.807007        0.117798        2.746094        0.022247        0.948975        1.295227       97
        1.803220        3.425537        0.147400        2.001617        0.011292        0.902191        3.807007        0.117798        2.746094        0.022247        0.948975        1.295227       71
        1.803220        3.425537        0.147400        2.001617        0.011292        0.902191        3.807007        0.117798        2.746094        0.022247        0.948975        1.295227       73
        1.803220        3.425537        0.147400        2.001617        0.011292        0.902191        3.807007        0.117798        2.746094        0.022247        0.948975        1.295227       70
        1.803220        3.425537        0.147400        2.001617        0.011292        0.902191        3.807007        0.117798        2.746094        0.022247        0.948975        1.295227      111
        1.803220        3.425537        0.147400        2.001617        0.011292        0.902191        3.807007        0.117798        2.746094        0.022247        0.948975        1.295227      108
        1.803220        3.425537        0.147400        2.001617        0.011292        0.902191        3.807007        0.117798        2.746094        0.022247        0.948975        1.295227      113
        1.803220        3.425537        0.147400        2.001617        0.011292        0.902191        3.807007        0.117798        2.746094        0.022247        0.948975        1.295227      112
        1.803220        3.425537        0.147400        2.001617        0.011292        0.902191        3.807007        0.117798        2.746094        0.022247        0.948975        1.295227      102
        1.803220        3.425537        0.147400        2.001617        0.011292        0.902191        3.807007        0.117798        2.746094        0.022247        0.948975        1.295227      117
        1.803220        3.425537        0.147400        2.001617        0.011292        0.902191        3.807007        0.117798        2.746094        0.022247        0.948975        1.295227       98
        1.803220        3.425537        0.147400        2.001617        0.011292        0.902191        3.807007        0.117798        2.746094        0.022247        0.948975        1.295227       93
        1.803220        3.425537        0.147400        2.001617        0.011292        0.902191        3.807007        0.117798        2.746094        0.022247        0.948975        1.295227       91
        1.803220        3.425537        0.147400        2.001617        0.011292        0.902191        3.807007        0.117798        2.746094        0.022247        0.948975        1.295227       91
        1.803220        3.425537        0.147400        2.001617        0.011292        0.902191        3.807007        0.117798        2.746094        0.022247        0.948975        1.295227      110
        1.803220        3.425537        0.147400        2.001617        0.011292        0.902191        3.807007        0.117798        2.746094        0.022247        0.948975        1.295227       80
        1.803220        3.425537        0.147400        2.001617        0.011292        0.902191        3.807007        0.117798        2.746094        0.022247        0.948975        1.295227      134
        1.803220        3.425537        0.147400        2.001617        0.011292        0.902191        3.807007        0.117798        2.746094        0.022247        0.948975        1.295227       65
        1.803220        3.425537        0.147400        2.001617        0.011292        0.902191        3.807007        0.117798        2.746094        0.022247        0.948975        1.295227       89
        1.803220        3.425537        0.147400        2.001617        0.011292        0.902191        3.807007        0.117798        2.746094        0.022247        0.948975        1.295227      133
        1.803220        3.425537        0.147400        2.001617        0.011292        0.902191        3.807007        0.117798        2.746094        0.022247        0.948975        1.295227       93
        1.803220        3.425537        0.147400        2.001617        0.011292        0.902191        3.807007        0.117798        2.746094        0.022247        0.948975        1.295227       73
        1.803220        3.425537        0.147400        2.001617        0.011292        0.902191        3.807007        0.117798        2.746094        0.022247        0.948975        1.295227      112
        1.803220        3.425537        0.147400        2.001617        0.011292        0.902191        3.807007        0.117798        2.746094        0.022247        0.948975        1.295227      107
        1.803220        3.425537        0.147400        2.001617        0.011292        0.902191        3.807007        0.117798        2.746094        0.022247        0.948975        1.295227      129
        1.803220        3.425537        0.147400        2.001617        0.011292        0.902191        3.807007        0.117798        2.746094        0.022247        0.948975        1.295227       80
        1.803220        3.425537        0.147400        2.001617        0.011292        0.902191        3.807007        0.117798        2.746094        0.022247        0.948975        1.295227      117
        1.803220        3.425537        0.147400        2.001617        0.011292        0.902191        3.807007        0.117798        2.746094        0.022247        0.948975        1.295227      136
        1.803220        3.425537        0.147400        2.001617        0.011292        0.902191        3.807007        0.117798        2.746094        0.022247        0.948975        1.295227       95
        1.803220        3.425537        0.147400        2.001617        0.011292        0.902191        3.807007        0.117798        2.746094        0.022247        0.948975        1.295227      119
        1.803220        3.425537        0.147400        2.001617        0.011292        0.902191        3.807007        0.117798        2.746094        0.022247        0.948975        1.295227       89
        1.803220        3.425537        0.147400        2.001617        0.011292        0.902191        3.807007        0.117798        2.746094        0.022247        0.948975        1.295227       94
        1.803220        3.425537        0.147400        2.001617        0.011292        0.902191        3.807007        0.117798        2.746094        0.022247        0.948975        1.295227       71
        1.803220        3.425537        0.147400        2.001617        0.011292        0.902191        3.807007        0.117798        2.746094        0.022247        0.948975        1.295227       86
        1.803220        3.425537        0.147400        2.001617        0.011292        0.902191        3.807007        0.117798        2.746094        0.022247        0.948975        1.295227       72
        1.803220        3.425537        0.147400        2.001617        0.011292        0.902191        3.807007        0.117798        2.746094        0.022247        0.948975        1.295227      116
        1.803220        3.425537        0.147400        2.001617        0.011292        0.902191        3.807007        0.117798        2.746094        0.022247        0.948975        1.295227       77
        1.803220        3.425537        0.147400        2.001617        0.011292        0.902191        3.807007        0.117798        2.746094        0.022247        0.948975        1.295227      120
        1.803220        3.425537        0.147400        2.001617        0.011292        0.902191        3.807007        0.117798        2.746094        0.022247        0.948975        1.295227       94
        1.803220        3.425537        0.147400        2.001617        0.011292        0.902191        3.807007        0.117798        2.746094        0.022247        0.948975        1.295227      137
        1.803220        3.425537        0.147400        2.001617        0.011292        0.902191        3.807007        0.117798        2.746094        0.022247        0.948975        1.295227      123
        1.803220        3.425537        0.147400        2.001617        0.011292        0.902191        3.807007        0.117798        2.746094        0.022247        0.948975        1.295227       79
        1.803220        3.425537        0.147400        2.001617        0.011292        0.902191        3.807007        0.117798        2.746094        0.022247        0.948975        1.295227      123
        1.803220        3.425537        0.147400        2.001617        0.011292        0.902191        3.807007        0.117798        2.746094        0.022247        0.948975        1.295227       94
        1.803220        3.425537        0.147400        2.001617        0.011292        0.902191        3.807007        0.117798        2.746094        0.022247        0.948975        1.295227      118
        1.803220        3.425537        0.147400        2.001617        0.011292        0.902191        3.807007        0.117798        2.746094        0.022247        0.948975        1.295227      115
        1.803220        3.425537        0.147400        2.001617        0.011292        0.902191        3.807007        0.117798        2.746094        0.022247        0.948975        1.295227      118
        1.803265        3.433075        0.134430        2.467804        0.010193        0.901916        3.810913        0.131287        2.750702        0.022217        0.948700        1.283508      139
        1.803559        3.430237        0.146637        2.000153        0.010162        0.905884        3.826508        0.116638        2.746094        0.021881        0.949036        1.291321      141
        1.803559        3.430237        0.146637        2.000153        0.010162        0.905884        3.826508        0.116638        2.746094        0.021881        0.949036        1.291321      141
        1.803559        3.430237        0.146637        2.000153        0.010162        0.905884        3.826508        0.116638        2.746094        0.021881        0.949036        1.291321      140
        1.803559        3.430237        0.146637        2.000153        0.010162        0.905884        3.826508        0.116638        2.746094        0.021881        0.949036        1.291321      140
        1.803559        3.430237        0.146637        2.000153        0.010162        0.905884        3.826508        0.116638        2.746094        0.021881        0.949036        1.291321      140
        1.803559        3.430237        0.146637        2.000153        0.010162        0.905884        3.826508        0.116638        2.746094        0.021881        0.949036        1.291321      140
        1.803631        3.432220        0.139832        2.467804        0.010345        0.901947        3.806702        0.131287        2.783112        0.023499        0.940704        1.353821      144
        1.803631        3.432220        0.139832        2.467804        0.010345        0.901947        3.806702        0.131287        2.783112        0.023499        0.940704        1.353821      173
        1.803631        3.432220        0.139832        2.467804        0.010345        0.901947        3.806702        0.131287        2.783112        0.023499        0.940704        1.353821      165
        1.803631        3.432220        0.139832        2.467804        0.010345        0.901947        3.806702        0.131287        2.783112        0.023499        0.940704        1.353821      179
        1.803631        3.432220        0.139832        2.467804        0.010345        0.901947        3.806702        0.131287        2.783112        0.023499        0.940704        1.353821      183
        1.803631        3.432220        0.139832        2.467804        0.010345        0.901947        3.806702        0.131287        2.783112        0.023499        0.940704        1.353821      145
        1.803631        3.432220        0.139832        2.467804        0.010345        0.901947        3.806702        0.131287        2.783112        0.023499        0.940704        1.353821      148
        1.803631        3.432220        0.139832        2.467804        0.010345        0.901947        3.806702        0.131287        2.783112        0.023499        0.940704        1.353821      142
        1.803631        3.432220        0.139832        2.467804        0.010345        0.901947        3.806702        0.131287        2.783112        0.023499        0.940704        1.353821      169
        1.803631        3.432220        0.139832        2.467804        0.010345        0.901947        3.806702        0.131287        2.783112        0.023499        0.940704        1.353821      180
        1.803631        3.432220        0.139832        2.467804        0.010345        0.901947        3.806702        0.131287        2.783112        0.023499        0.940704        1.353821      183
        1.803631        3.432220        0.139832        2.467804        0.010345        0.901947        3.806702        0.131287        2.783112        0.023499        0.940704        1.353821      198
        1.803631        3.432220        0.139832        2.467804        0.010345        0.901947        3.806702        0.131287        2.783112        0.023499        0.940704        1.353821      172
        1.803631        3.432220        0.139832        2.467804        0.010345        0.901947        3.806702        0.131287        2.783112        0.023499        0.940704        1.353821      197
        1.803631        3.432220        0.139832        2.467804        0.010345        0.901947        3.806702        0.131287        2.783112        0.023499        0.940704        1.353821      156
        1.803631        3.432220        0.139832        2.467804        0.010345        0.901947        3.806702        0.131287        2.783112        0.023499        0.940704        1.353821      167
        1.803631        3.432220        0.139832        2.467804        0.010345        0.901947        3.806702        0.131287        2.783112        0.023499        0.940704        1.353821      175
        1.803631        3.432220        0.139832        2.467804        0.010345        0.901947        3.806702        0.131287        2.783112        0.023499        0.940704        1.353821      194
        1.803631        3.432220        0.139832        2.467804        0.010345        0.901947        3.806702        0.131287        2.783112        0.023499        0.940704        1.353821      195
        1.803631        3.432220        0.139832        2.467804        0.010345        0.901947        3.806702        0.131287        2.783112        0.023499        0.940704        1.353821      189
        1.803631        3.432220        0.139832        2.467804        0.010345        0.901947        3.806702        0.131287        2.783112        0.023499        0.940704        1.353821      150
        1.803631        3.432220        0.139832        2.467804        0.010345        0.901947        3.806702        0.131287        2.783112        0.023499        0.940704        1.353821      148
        1.803631        3.432220        0.139832        2.467804        0.010345        0.901947        3.806702        0.131287        2.783112        0.023499        0.940704        1.353821      148
        1.803631        3.432220        0.139832        2.467804        0.010345        0.901947        3.806702        0.131287        2.783112        0.023499        0.940704        1.353821      164
        1.803631        3.432220        0.139832        2.467804        0.010345        0.901947        3.806702        0.131287        2.783112        0.023499        0.940704        1.353821      174
        1.803631        3.432220        0.139832        2.467804        0.010345        0.901947        3.806702        0.131287        2.783112        0.023499        0.940704        1.353821      193
        1.803631        3.432220        0.139832        2.467804        0.010345        0.901947        3.806702        0.131287        2.783112        0.023499        0.940704        1.353821      176
        1.803631        3.432220        0.139832        2.467804        0.010345        0.901947        3.806702        0.131287        2.783112        0.023499        0.940704        1.353821      167
        1.803631        3.432220        0.139832        2.467804        0.010345        0.901947        3.806702        0.131287        2.783112        0.023499        0.940704        1.353821      151
        1.803631        3.432220        0.139832        2.467804        0.010345        0.901947        3.806702        0.131287        2.783112        0.023499        0.940704        1.353821      185
        1.803631        3.432220        0.139832        2.467804        0.010345        0.901947        3.806702        0.131287        2.783112        0.023499        0.940704        1.353821      146
        1.803631        3.432220        0.139832        2.467804        0.010345        0.901947        3.806702        0.131287        2.783112        0.023499        0.940704        1.353821      186
        1.803631        3.432220        0.139832        2.467804        0.010345        0.901947        3.806702        0.131287        2.783112        0.023499        0.940704        1.353821      173
        1.803631        3.432220        0.139832        2.467804        0.010345        0.901947        3.806702        0.131287        2.783112        0.023499        0.940704        1.353821      174
        1.803631        3.432220        0.139832        2.467804        0.010345        0.901947        3.806702        0.131287        2.783112        0.023499        0.940704        1.353821      146
        1.803631        3.432220        0.139832        2.467804        0.010345        0.901947        3.806702        0.131287        2.783112        0.023499        0.940704        1.353821      196
        1.803631        3.432220        0.139832        2.467804        0.010345        0.901947        3.806702        0.131287        2.783112        0.023499        0.940704        1.353821      148
        1.803631        3.432220        0.139832        2.467804        0.010345        0.901947        3.806702        0.131287        2.783112        0.023499        0.940704        1.353821      168
        1.803631        3.432220        0.139832        2.467804        0.010345        0.901947        3.806702        0.131287        2.783112        0.023499        0.940704        1.353821      196
        1.803631        3.432220        0.139832        2.467804        0.010345        0.901947        3.806702        0.131287        2.783112        0.023499        0.940704        1.353821      196
        1.803631        3.432220        0.139832        2.467804        0.010345        0.901947        3.806702        0.131287        2.783112        0.023499        0.940704        1.353821      162
        1.803631        3.432220        0.139832        2.467804        0.010345        0.901947        3.806702        0.131287        2.783112        0.023499        0.940704        1.353821      171
        1.803631        3.432220        0.139832        2.467804        0.010345        0.901947        3.806702        0.131287        2.783112        0.023499        0.940704        1.353821      171
        1.803631        3.432220        0.139832        2.467804        0.010345        0.901947        3.806702        0.131287        2.783112        0.023499        0.940704        1.353821      176
        1.803631        3.432220        0.139832        2.467804        0.010345        0.901947        3.806702        0.131287        2.783112        0.023499        0.940704        1.353821      155
        1.803631        3.432220        0.139832        2.467804        0.010345        0.901947        3.806702        0.131287        2.783112        0.023499        0.940704        1.353821      172
        1.803631        3.432220        0.139832        2.467804        0.010345        0.901947        3.806702        0.131287        2.783112        0.023499        0.940704        1.353821      196
        1.803631        3.432220        0.139832        2.467804        0.010345        0.901947        3.806702        0.131287        2.783112        0.023499        0.940704        1.353821      177
        1.803631        3.432220        0.139832        2.467804        0.010345        0.901947        3.806702        0.131287        2.783112        0.023499        0.940704        1.353821      177
        1.803631        3.432220        0.139832        2.467804        0.010345        0.901947        3.806702        0.131287        2.783112        0.023499        0.940704        1.353821      162
        1.803631        3.432220        0.139832        2.467804        0.010345        0.901947        3.806702        0.131287        2.783112        0.023499        0.940704        1.353821      169
        1.803631        3.432220        0.139832        2.467804        0.010345        0.901947        3.806702        0.131287        2.783112        0.023499        0.940704        1.353821      155
        1.803631        3.432220        0.139832        2.467804        0.010345        0.901947        3.806702        0.131287        2.783112        0.023499        0.940704        1.353821      191
        1.803631        3.432220        0.139832        2.467804        0.010345        0.901947        3.806702        0.131287        2.783112        0.023499        0.940704        1.353821      149
        1.803631        3.432220        0.139832        2.467804        0.010345        0.901947        3.806702        0.131287        2.783112        0.023499        0.940704        1.353821      176
        1.803631        3.432220        0.139832        2.467804        0.010345        0.901947        3.806702        0.131287        2.783112        0.023499        0.940704        1.353821      158
        1.803631        3.432220        0.139832        2.467804        0.010345        0.901947        3.806702        0.131287        2.783112        0.023499        0.940704        1.353821      145
        1.803631        3.432220        0.139832        2.467804        0.010345        0.901947        3.806702        0.131287        2.783112        0.023499        0.940704        1.353821      185
        1.803631        3.432220        0.139832        2.467804        0.010345        0.901947        3.806702        0.131287        2.783112        0.023499        0.940704        1.353821      163
        1.803631        3.432220        0.139832        2.467804        0.010345        0.901947        3.806702        0.131287        2.783112        0.023499        0.940704        1.353821      164
        1.803631        3.432220        0.139832        2.467804        0.010345        0.901947        3.806702        0.131287        2.783112        0.023499        0.940704        1.353821      155
        1.803631        3.432220        0.139832        2.467804        0.010345        0.901947        3.806702        0.131287        2.783112        0.023499        0.940704        1.353821      162
        1.803631        3.432220        0.139832        2.467804        0.010345        0.901947        3.806702        0.131287        2.783112        0.023499        0.940704        1.353821      142
        1.803631        3.432220        0.139832        2.467804        0.010345        0.901947        3.806702        0.131287        2.783112        0.023499        0.940704        1.353821      194
        1.803631        3.432220        0.139832        2.467804        0.010345        0.901947        3.806702        0.131287        2.783112        0.023499        0.940704        1.353821      154
        1.803631        3.432220        0.139832        2.467804        0.010345        0.901947        3.806702        0.131287        2.783112        0.023499        0.940704        1.353821      179
        1.803631        3.432220        0.139832        2.467804        0.010345        0.901947        3.806702        0.131287        2.783112        0.023499        0.940704        1.353821      149
        1.803631        3.432220        0.139832        2.467804        0.010345        0.901947        3.806702        0.131287        2.783112        0.023499        0.940704        1.353821      178
        1.803631        3.432220        0.139832        2.467804        0.010345        0.901947        3.806702        0.131287        2.783112        0.023499        0.940704        1.353821      180
        1.803631        3.432220        0.139832        2.467804        0.010345        0.901947        3.806702        0.131287        2.783112        0.023499        0.940704        1.353821      194
        1.803631        3.432220        0.139832        2.467804        0.010345        0.901947        3.806702        0.131287        2.783112        0.023499        0.940704        1.353821      191
        1.803631        3.432220        0.139832        2.467804        0.010345        0.901947        3.806702        0.131287        2.783112        0.023499        0.940704        1.353821      188
        1.803631        3.432220        0.139832        2.467804        0.010345        0.901947        3.806702        0.131287        2.783112        0.023499        0.940704        1.353821      166
        1.803631        3.432220        0.139832        2.467804        0.010345        0.901947        3.806702        0.131287        2.783112        0.023499        0.940704        1.353821      158
        1.803631        3.432220        0.139832        2.467804        0.010345        0.901947        3.806702        0.131287        2.783112        0.023499        0.940704        1.353821      154
        1.803631        3.432220        0.139832        2.467804        0.010345        0.901947        3.806702        0.131287        2.783112        0.023499        0.940704        1.353821      180
        1.803631        3.432220        0.139832        2.467804        0.010345        0.901947        3.806702        0.131287        2.783112        0.023499        0.940704        1.353821      186
        1.803631        3.432220        0.139832        2.467804        0.010345        0.901947        3.806702        0.131287        2.783112        0.023499        0.940704        1.353821      169
        1.803631        3.432220        0.139832        2.467804        0.010345        0.901947        3.806702        0.131287        2.783112        0.023499        0.940704        1.353821      194
        1.803631        3.432220        0.139832        2.467804        0.010345        0.901947        3.806702        0.131287        2.783112        0.023499        0.940704        1.353821      166
        1.803631        3.432220        0.139832        2.467804        0.010345        0.901947        3.806702        0.131287        2.783112        0.023499        0.940704        1.353821      156
        1.803631        3.432220        0.139832        2.467804        0.010345        0.901947        3.806702        0.131287        2.783112        0.023499        0.940704        1.353821      152
        1.803631        3.432220        0.139832        2.467804        0.010345        0.901947        3.806702        0.131287        2.783112        0.023499        0.940704        1.353821      147
        1.803631        3.432220        0.139832        2.467804        0.010345        0.901947        3.806702        0.131287        2.783112        0.023499        0.940704        1.353821      180
        1.803631        3.432220        0.139832        2.467804        0.010345        0.901947        3.806702        0.131287        2.783112        0.023499        0.940704        1.353821      155
        1.803631        3.432220        0.139832        2.467804        0.010345        0.901947        3.806702        0.131287        2.783112        0.023499        0.940704        1.353821      164
        1.803631        3.432220        0.139832        2.467804        0.010345        0.901947        3.806702        0.131287        2.783112        0.023499        0.940704        1.353821      151
        1.803631        3.432220        0.139832        2.467804        0.010345        0.901947        3.806702        0.131287        2.783112        0.023499        0.940704        1.353821      144
        1.803631        3.432220        0.139832        2.467804        0.010345        0.901947        3.806702        0.131287        2.783112        0.023499        0.940704        1.353821      175
        1.803631        3.432220        0.139832        2.467804        0.010345        0.901947        3.806702        0.131287        2.783112        0.023499        0.940704        1.353821      150
        1.803631        3.432220        0.139832        2.467804        0.010345        0.901947        3.806702        0.131287        2.783112        0.023499        0.940704        1.353821      163
        1.803631        3.432220        0.139832        2.467804        0.010345        0.901947        3.806702        0.131287        2.783112        0.023499        0.940704        1.353821      191
        1.803631        3.432220        0.139832        2.467804        0.010345        0.901947        3.806702        0.131287        2.783112        0.023499        0.940704        1.353821      167
        1.803631        3.432220        0.139832        2.467804        0.010345        0.901947        3.806702        0.131287        2.783112        0.023499        0.940704        1.353821      172
        1.803631        3.432220        0.139832        2.467804        0.010345        0.901947        3.806702        0.131287        2.783112        0.023499        0.940704        1.353821      159
        1.803631        3.432220        0.139832        2.467804        0.010345        0.901947        3.806702        0.131287        2.783112        0.023499        0.940704        1.353821      179
        1.803631        3.432220        0.139832        2.467804        0.010345        0.901947        3.806702        0.131287        2.783112        0.023499        0.940704        1.353821      186
        1.803631        3.432220        0.139832        2.467804        0.010345        0.901947        3.806702        0.131287        2.783112        0.023499        0.940704        1.353821      189
        1.803631        3.432220        0.139832        2.467804        0.010345        0.901947        3.806702        0.131287        2.783112        0.023499        0.940704        1.353821      195
        1.803631        3.432220        0.139832        2.467804        0.010345        0.901947        3.806702        0.131287        2.783112        0.023499        0.940704        1.353821      197
        1.803631        3.432220        0.139832        2.467804        0.010345        0.901947        3.806702        0.131287        2.783112        0.023499        0.940704        1.353821      170
        1.803631        3.432220        0.139832        2.467804        0.010345        0.901947        3.806702        0.131287        2.783112        0.023499        0.940704        1.353821      192
        1.803631        3.432220        0.139832        2.467804        0.010345        0.901947        3.806702        0.131287        2.783112        0.023499        0.940704        1.353821      156
        1.803631        3.432220        0.139832        2.467804        0.010345        0.901947        3.806702        0.131287        2.783112        0.023499        0.940704        1.353821      197
        1.803631        3.432220        0.139832        2.467804        0.010345        0.901947        3.806702        0.131287        2.783112        0.023499        0.940704        1.353821      158
        1.803631        3.432220        0.139832        2.467804        0.010345        0.901947        3.806702        0.131287        2.783112        0.023499        0.940704        1.353821      173
        1.803631        3.432220        0.139832        2.467804        0.010345        0.901947        3.806702        0.131287        2.783112        0.023499        0.940704        1.353821      162
        1.803631        3.432220        0.139832        2.467804        0.010345        0.901947        3.806702        0.131287        2.783112        0.023499        0.940704        1.353821      183
        1.803631        3.432220        0.139832        2.467804        0.010345        0.901947        3.806702        0.131287        2.783112        0.023499        0.940704        1.353821      165
        1.803665        3.433075        0.147278        2.468292        0.010345        0.902161        3.771515        0.131226        2.720612        0.022217        0.947021        1.275696      199
        1.803851        3.425507        0.141571        2.468048        0.010559        0.901916        3.779358        0.131287        2.740723        0.021393        0.947510        1.260071      201
        1.803851        3.425507        0.141571        2.468048        0.010559        0.901916        3.779358        0.131287        2.740723        0.021393        0.947510        1.260071      200
        1.803851        3.425507        0.141571        2.468048        0.010559        0.901916        3.779358        0.131287        2.740723        0.021393        0.947510        1.260071      203
        1.803851        3.425507        0.141571        2.468048        0.010559        0.901916        3.779358        0.131287        2.740723        0.021393        0.947510        1.260071      200
        1.803851        3.425507        0.141571        2.468048        0.010559        0.901916        3.779358        0.131287        2.740723        0.021393        0.947510        1.260071      201
        1.803851        3.425507        0.141571        2.468048        0.010559        0.901916        3.779358        0.131287        2.740723        0.021393        0.947510        1.260071      201
        1.803862        3.431366        0.138672        2.351044        0.010559        0.902161        3.799225        0.117798        2.748383        0.022339        0.940674        1.275787      204
        1.803862        3.431366        0.138672        2.351044        0.010559        0.902161        3.799225        0.117798        2.748383        0.022339        0.940674        1.275787      207
        1.803862        3.431366        0.138672        2.351044        0.010559        0.902161        3.799225        0.117798        2.748383        0.022339        0.940674        1.275787      205
        1.803921        3.427460        0.139679        2.350586        0.010895        0.901916        3.775452        0.117340        2.748047        0.022247        0.948273        1.283539      213
        1.803921        3.427460        0.139679        2.350586        0.010895        0.901916        3.775452        0.117340        2.748047        0.022247        0.948273        1.283539      211
        1.803921        3.427460        0.139679        2.350586        0.010895        0.901916        3.775452        0.117340        2.748047        0.022247        0.948273        1.283539      208
        1.803921        3.427460        0.139679        2.350586        0.010895        0.901916        3.775452        0.117340        2.748047        0.022247        0.948273        1.283539      208
        1.803921        3.427460        0.139679        2.350586        0.010895        0.901916        3.775452        0.117340        2.748047        0.022247        0.948273        1.283539      213
        1.803921        3.427460        0.139679        2.350586        0.010895        0.901916        3.775452        0.117340        2.748047        0.022247        0.948273        1.283539      213
        1.803921        3.427460        0.139679        2.350586        0.010895        0.901916        3.775452        0.117340        2.748047        0.022247        0.948273        1.283539      209
        1.803921        3.427460        0.139679        2.350586        0.010895        0.901916        3.775452        0.117340        2.748047        0.022247        0.948273        1.283539      212
        1.804135        3.424530        0.139679        2.327179        0.011230        0.903931        3.791077        0.118439        2.787476        0.021606        0.940796        1.275696      215
        1.804223        3.432495        0.146637        2.319336        0.010315        0.905884        3.775696        0.132751        2.783112        0.023224        0.940704        1.400818      217
        1.804223        3.432495        0.146637        2.319336        0.010315        0.905884        3.775696        0.132751        2.783112        0.023224        0.940704        1.400818      217
        1.804223        3.432495        0.146637        2.319336        0.010315        0.905884        3.775696        0.132751        2.783112        0.023224        0.940704        1.400818      216
        1.804223        3.432495        0.146637        2.319336        0.010315        0.905884        3.775696        0.132751        2.783112        0.023224        0.940704        1.400818      216
        1.804294        3.432587        0.147278        2.222443        0.010437        0.912903        3.791199        0.116425        2.725098        0.022736        0.940674        1.291321      219
        1.804294        3.432587        0.147278        2.222443        0.010437        0.912903        3.791199        0.116425        2.725098        0.022736        0.940674        1.291321      218
        1.804294        3.432587        0.147278        2.222443        0.010437        0.912903        3.791199        0.116425        2.725098        0.022736        0.940674        1.291321      219
        1.804294        3.432587        0.147278        2.222443        0.010437        0.912903        3.791199        0.116425        2.725098        0.022736        0.940674        1.291321      219
        1.804442        3.435120        0.136017        2.055573        0.011292        0.901428        3.807007        0.116241        2.723114        0.023102        0.949005        1.273743      221
        1.804442        3.435120        0.136017        2.055573        0.011292        0.901428        3.807007        0.116241        2.723114        0.023102        0.949005        1.273743      229
        1.804442        3.435120        0.136017        2.055573        0.011292        0.901428        3.807007        0.116241        2.723114        0.023102        0.949005        1.273743      221
        1.804442        3.435120        0.136017        2.055573        0.011292        0.901428        3.807007        0.116241        2.723114        0.023102        0.949005        1.273743      229
        1.804442        3.435120        0.136017        2.055573        0.011292        0.901428        3.807007        0.116241        2.723114        0.023102        0.949005        1.273743      220
        1.804442        3.435120        0.136017        2.055573        0.011292        0.901428        3.807007        0.116241        2.723114        0.023102        0.949005        1.273743      222
        1.804442        3.435120        0.136017        2.055573        0.011292        0.901428        3.807007        0.116241        2.723114        0.023102        0.949005        1.273743      220
        1.804442        3.435120        0.136017        2.055573        0.011292        0.901428        3.807007        0.116241        2.723114        0.023102        0.949005        1.273743      222
        1.804442        3.435120        0.136017        2.055573        0.011292        0.901428        3.807007        0.116241        2.723114        0.023102        0.949005        1.273743      228
        1.804442        3.435120        0.136017        2.055573        0.011292        0.901428        3.807007        0.116241        2.723114        0.023102        0.949005        1.273743      223
        1.804442        3.435120        0.136017        2.055573        0.011292        0.901428        3.807007        0.116241        2.723114        0.023102        0.949005        1.273743      220
        1.804467        3.427399        0.138794        2.366821        0.010895        0.901459        3.779327        0.116333        2.728760        0.023499        0.948639        1.275757      238
        1.804467        3.427399        0.138794        2.366821        0.010895        0.901459        3.779327        0.116333        2.728760        0.023499        0.948639        1.275757      230
        1.804467        3.427399        0.138794        2.366821        0.010895        0.901459        3.779327        0.116333        2.728760        0.023499        0.948639        1.275757      235
        1.804467        3.427399        0.138794        2.366821        0.010895        0.901459        3.779327        0.116333        2.728760        0.023499        0.948639        1.275757      232
        1.804467        3.427399        0.138794        2.366821        0.010895        0.901459        3.779327        0.116333        2.728760        0.023499        0.948639        1.275757      232
        1.804467        3.427399        0.138794        2.366821        0.010895        0.901459        3.779327        0.116333        2.728760        0.023499        0.948639        1.275757      236
        1.804467        3.427399        0.138794        2.366821        0.010895        0.901459        3.779327        0.116333        2.728760        0.023499        0.948639        1.275757      235
        1.804467        3.427399        0.138794        2.366821        0.010895        0.901459        3.779327        0.116333        2.728760        0.023499        0.948639        1.275757      231
        1.804467        3.427399        0.138794        2.366821        0.010895        0.901459        3.779327        0.116333        2.728760        0.023499        0.948639        1.275757      238
        1.804467        3.427399        0.138794        2.366821        0.010895        0.901459        3.779327        0.116333        2.728760        0.023499        0.948639        1.275757      233
        1.804467        3.427399        0.138794        2.366821        0.010895        0.901459        3.779327        0.116333        2.728760        0.023499        0.948639        1.275757      235
        1.804529        3.427399        0.148102        2.467804        0.010315        0.900085        3.775818        0.131287        2.724579        0.022705        0.948639        1.295227      239
        1.804529        3.427399        0.148102        2.467804        0.010315        0.900085        3.775818        0.131287        2.724579        0.022705        0.948639        1.295227      239
        1.804529        3.427399        0.148102        2.467804        0.010315        0.900085        3.775818        0.131287        2.724579        0.022705        0.948639        1.295227      239
        1.804529        3.427399        0.148102        2.467804        0.010315        0.900085        3.775818        0.131287        2.724579        0.022705        0.948639        1.295227      239
        1.804529        3.427399        0.148102        2.467804        0.010315        0.900085        3.775818        0.131287        2.724579        0.022705        0.948639        1.295227      239
        1.804591        3.433075        0.148010        2.055603        0.010895        0.901947        3.769714        0.117828        2.748230        0.023285        0.948975        1.400818      245
        1.804591        3.433075        0.148010        2.055603        0.010895        0.901947        3.769714        0.117828        2.748230        0.023285        0.948975        1.400818      247
        1.804591        3.433075        0.148010        2.055603        0.010895        0.901947        3.769714        0.117828        2.748230        0.023285        0.948975        1.400818      243
        1.804591        3.433075        0.148010        2.055603        0.010895        0.901947        3.769714        0.117828        2.748230        0.023285        0.948975        1.400818      240
        1.804591        3.433075        0.148010        2.055603        0.010895        0.901947        3.769714        0.117828        2.748230        0.023285        0.948975        1.400818      243
        1.804591        3.433075        0.148010        2.055603        0.010895        0.901947        3.769714        0.117828        2.748230        0.023285        0.948975        1.400818      247
        1.804591        3.433075        0.148010        2.055603        0.010895        0.901947        3.769714        0.117828        2.748230        0.023285        0.948975        1.400818      241
        1.804591        3.433075        0.148010        2.055603        0.010895        0.901947        3.769714        0.117828        2.748230        0.023285        0.948975        1.400818      247
        1.804591        3.433075        0.148010        2.055603        0.010895        0.901947        3.769714        0.117828        2.748230        0.023285        0.948975        1.400818      245
        1.804591        3.433075        0.148010        2.055603        0.010895        0.901947        3.769714        0.117828        2.748230        0.023285        0.948975        1.400818      248
