432
        1.791183        3.437195        0.148407        2.286102        0.010254        0.901398        3.800446        0.119843        2.749573        0.021210        0.948975        1.252167        4
        1.791183        3.437195        0.148407        2.286102        0.010254        0.901398        3.800446        0.119843        2.749573        0.021210        0.948975        1.252167        1
        1.791183        3.437195        0.148407        2.286102        0.010254        0.901398        3.800446        0.119843        2.749573        0.021210        0.948975        1.252167        1
        1.791183        3.437195        0.148407        2.286102        0.010254        0.901398        3.800446        0.119843        2.749573        0.021210        0.948975        1.252167        4
        1.791183        3.437195        0.148407        2.286102        0.010254        0.901398        3.800446        0.119843        2.749573        0.021210        0.948975        1.252167        5
        1.791183        3.437195        0.148407        2.286102        0.010254        0.901398        3.800446        0.119843        2.749573        0.021210        0.948975        1.252167        1
        1.791183        3.437195        0.148407        2.286102        0.010254        0.901398        3.800446        0.119843        2.749573        0.021210        0.948975        1.252167        3
        1.791183        3.437195        0.148407        2.286102        0.010254        0.901398        3.800446        0.119843        2.749573        0.021210        0.948975        1.252167        1
        1.791183        3.437195        0.148407        2.286102        0.010254        0.901398        3.800446        0.119843        2.749573        0.021210        0.948975        1.252167        4
        1.791183        3.437195        0.148407        2.286102        0.010254        0.901398        3.800446        0.119843        2.749573        0.021210        0.948975        1.252167        1
        1.791226        3.437195        0.148346        2.287079        0.010315        0.901001        3.800446        0.120361        2.748230        0.021210        0.945984        1.252197      344
        1.791301        3.437195        0.148407        2.287079        0.010315        0.900879        3.799469        0.120392        2.748718        0.021210        0.945953        1.256165      494
        1.791301        3.437195        0.148407        2.287079        0.010254        0.900909        3.799469        0.120392        2.748718        0.021210        0.945953        1.256165        6
        1.791303        3.437195        0.148224        2.287079        0.010315        0.900391        3.800293        0.119812        2.748230        0.021210        0.945984        1.252197        7
        1.791315        3.437195        0.148346        2.286102        0.010315        0.900391        3.800446        0.120361        2.749206        0.021210        0.947876        1.256104        8
        1.791315        3.437195        0.148346        2.286102        0.010315        0.900391        3.800446        0.120361        2.749206        0.021210        0.947876        1.256104        8
        1.791315        3.437195        0.148346        2.286102        0.010315        0.900391        3.800446        0.120361        2.749206        0.021210        0.947876        1.256104        8
        1.791324        3.437195        0.148407        2.286102        0.010254        0.901947        3.800446        0.120392        2.748230        0.021210        0.948852        1.256104        9
        1.791324        3.437195        0.148407        2.286102        0.010254        0.900391        3.800446        0.120392        2.748230        0.021210        0.945923        1.256104      381
        1.791330        3.437195        0.148407        2.287079        0.010315        0.904785        3.800446        0.120361        2.748230        0.021210        0.945984        1.256104      196
        1.791331        3.437195        0.148346        2.287079        0.010315        0.901123        3.800446        0.120514        2.748718        0.021210        0.946899        1.256226      138
        1.791333        3.437195        0.148407        2.287048        0.010315        0.900879        3.800446        0.120392        2.748230        0.021210        0.947876        1.256104      382
        1.791336        3.437195        0.148346        2.287079        0.010315        0.900879        3.800446        0.120392        2.748718        0.021210        0.945953        1.256104      201
        1.791340        3.437134        0.148346        2.302704        0.010315        0.900879        3.794678        0.122345        2.749603        0.021332        0.945923        1.252167       13
        1.791340        3.437134        0.148346        2.302704        0.010315        0.900879        3.794678        0.122345        2.749603        0.021332        0.945923        1.252167       11
        1.791340        3.437134        0.148346        2.302704        0.010315        0.900879        3.794678        0.122345        2.749603        0.021332        0.945923        1.252167       12
        1.791340        3.437134        0.148346        2.302704        0.010315        0.900879        3.794678        0.122345        2.749603        0.021332        0.945923        1.252167       11
        1.791342        3.437195        0.148346        2.287079        0.010315        0.901001        3.798492        0.120392        2.748474        0.021210        0.945923        1.256104       79
        1.791343        3.437195        0.148346        2.286591        0.010254        0.901489        3.799957        0.120392        2.748230        0.021179        0.949036        1.255859       14
        1.791343        3.437195        0.148346        2.286591        0.010254        0.901489        3.799957        0.120392        2.748230        0.021179        0.949036        1.255859       14
        1.791343        3.437195        0.148346        2.286591        0.010254        0.901855        3.799957        0.120392        2.748230        0.021179        0.945923        1.255859      636
        1.791354        3.437195        0.148346        2.287079        0.010315        0.904785        3.800446        0.120514        2.748230        0.021210        0.949829        1.256104      638
        1.791355        3.437195        0.148346        2.286957        0.010315        0.904785        3.800415        0.120392        2.748260        0.021179        0.949829        1.256104      105
        1.791355        3.437225        0.148346        2.287079        0.010315        0.901855        3.800446        0.120392        2.748718        0.021210        0.945923        1.256592      697
        1.791356        3.437195        0.148346        2.287018        0.010315        0.900879        3.799469        0.120392        2.748230        0.021210        0.949829        1.256134        6
        1.791359        3.437195        0.148346        2.287079        0.010315        0.901855        3.800323        0.120392        2.748230        0.021210        0.945923        1.256104      443
        1.791359        3.437195        0.148346        2.286102        0.010315        0.900391        3.800446        0.120361        2.748230        0.021210        0.947876        1.256104      129
        1.791361        3.437195        0.148346        2.287109        0.010315        0.900879        3.800446        0.120422        2.748230        0.021210        0.945923        1.256104      144
        1.791361        3.437195        0.148346        2.287109        0.010315        0.900879        3.800446        0.120422        2.748230        0.021210        0.945923        1.256104      163
        1.791361        3.437195        0.148346        2.287109        0.010315        0.900879        3.800446        0.120422        2.748230        0.021210        0.945923        1.256104      330
        1.791361        3.437195        0.148346        2.287109        0.010315        0.900879        3.800446        0.120422        2.748230        0.021210        0.945923        1.256104      110
        1.791361        3.437195        0.148346        2.287109        0.010315        0.900879        3.800446        0.120422        2.748230        0.021210        0.945923        1.256104      323
        1.791361        3.437195        0.148346        2.287109        0.010315        0.900879        3.800446        0.120422        2.748230        0.021210        0.945923        1.256104      126
        1.791361        3.437195        0.148346        2.287109        0.010315        0.900879        3.800446        0.120422        2.748230        0.021210        0.945923        1.256104       94
        1.791361        3.437195        0.148346        2.287109        0.010315        0.900879        3.800446        0.120422        2.748230        0.021210        0.945923        1.256104      314
        1.791361        3.437195        0.148346        2.287109        0.010315        0.900879        3.800446        0.120422        2.748230        0.021210        0.945923        1.256104      119
        1.791361        3.437195        0.148346        2.287109        0.010315        0.900879        3.800446        0.120422        2.748230        0.021210        0.945923        1.256104      252
        1.791361        3.437195        0.148346        2.287109        0.010315        0.900879        3.800446        0.120422        2.748230        0.021210        0.945923        1.256104      162
        1.791361        3.437195        0.148346        2.287109        0.010315        0.900879        3.800446        0.120422        2.748230        0.021210        0.945923        1.256104      389
        1.791361        3.437195        0.148346        2.287109        0.010315        0.900879        3.800446        0.120422        2.748230        0.021210        0.945923        1.256104      414
        1.791361        3.437195        0.148346        2.287109        0.010315        0.900879        3.800446        0.120422        2.748230        0.021210        0.945923        1.256104      359
        1.791361        3.437195        0.148346        2.287109        0.010315        0.900879        3.800446        0.120422        2.748230        0.021210        0.945923        1.256104      118
        1.791361        3.437195        0.148346        2.287109        0.010315        0.900879        3.800446        0.120422        2.748230        0.021210        0.945923        1.256104      245
        1.791361        3.437195        0.148346        2.287109        0.010315        0.900879        3.800446        0.120422        2.748230        0.021210        0.945923        1.256104       63
        1.791361        3.437195        0.148346        2.287109        0.010315        0.900879        3.800446        0.120422        2.748230        0.021210        0.945923        1.256104      296
        1.791361        3.437195        0.148346        2.287109        0.010315        0.900879        3.800446        0.120422        2.748230        0.021210        0.945923        1.256104      156
        1.791361        3.437195        0.148346        2.287109        0.010315        0.900879        3.800446        0.120422        2.748230        0.021210        0.945923        1.256104      288
        1.791361        3.437195        0.148346        2.287109        0.010315        0.900879        3.800446        0.120422        2.748230        0.021210        0.945923        1.256104       32
        1.791361        3.437195        0.148346        2.287109        0.010315        0.900879        3.800446        0.120422        2.748230        0.021210        0.945923        1.256104       55
        1.791361        3.437195        0.148346        2.287109        0.010315        0.900879        3.800446        0.120422        2.748230        0.021210        0.945923        1.256104       23
        1.791361        3.437195        0.148346        2.287109        0.010315        0.900879        3.800446        0.120422        2.748230        0.021210        0.945923        1.256104      129
        1.791361        3.437195        0.148346        2.287109        0.010315        0.900879        3.800446        0.120422        2.748230        0.021210        0.945923        1.256104      430
        1.791361        3.437195        0.148346        2.287109        0.010315        0.900879        3.800446        0.120422        2.748230        0.021210        0.945923        1.256104      267
        1.791361        3.437195        0.148346        2.287109        0.010315        0.900879        3.800446        0.120422        2.748230        0.021210        0.945923        1.256104       64
        1.791361        3.437195        0.148346        2.287109        0.010315        0.900879        3.800446        0.120422        2.748230        0.021210        0.945923        1.256104      425
        1.791361        3.437195        0.148346        2.287109        0.010315        0.900879        3.800446        0.120422        2.748230        0.021210        0.945923        1.256104      287
        1.791361        3.437195        0.148346        2.287109        0.010315        0.900879        3.800446        0.120422        2.748230        0.021210        0.945923        1.256104      178
        1.791361        3.437195        0.148346        2.287109        0.010315        0.900879        3.800446        0.120422        2.748230        0.021210        0.945923        1.256104       25
        1.791361        3.437195        0.148346        2.287109        0.010315        0.900879        3.800446        0.120422        2.748230        0.021210        0.945923        1.256104      328
        1.791361        3.437195        0.148346        2.287109        0.010315        0.900879        3.800446        0.120422        2.748230        0.021210        0.945923        1.256104      406
        1.791361        3.437195        0.148346        2.287109        0.010315        0.900879        3.800446        0.120422        2.748230        0.021210        0.945923        1.256104       28
        1.791361        3.437195        0.148346        2.287109        0.010315        0.900879        3.800446        0.120422        2.748230        0.021210        0.945923        1.256104       77
        1.791361        3.437195        0.148346        2.287109        0.010315        0.900879        3.800446        0.120422        2.748230        0.021210        0.945923        1.256104      318
        1.791361        3.437195        0.148346        2.287109        0.010315        0.900879        3.800446        0.120422        2.748230        0.021210        0.945923        1.256104       67
        1.791361        3.437195        0.148346        2.287109        0.010315        0.900879        3.800446        0.120422        2.748230        0.021210        0.945923        1.256104       42
        1.791361        3.437195        0.148346        2.287109        0.010315        0.900879        3.800446        0.120422        2.748230        0.021210        0.945923        1.256104      394
        1.791361        3.437195        0.148346        2.287109        0.010315        0.900879        3.800446        0.120422        2.748230        0.021210        0.945923        1.256104      284
        1.791361        3.437195        0.148346        2.287109        0.010315        0.900879        3.800446        0.120422        2.748230        0.021210        0.945923        1.256104      219
        1.791361        3.437195        0.148346        2.287109        0.010315        0.900879        3.800446        0.120422        2.748230        0.021210        0.945923        1.256104      295
        1.791361        3.437195        0.148346        2.287109        0.010315        0.900879        3.800446        0.120422        2.748230        0.021210        0.945923        1.256104       32
        1.791361        3.437195        0.148346        2.287109        0.010315        0.900879        3.800446        0.120422        2.748230        0.021210        0.945923        1.256104       34
        1.791361        3.437195        0.148346        2.287109        0.010315        0.900879        3.800446        0.120422        2.748230        0.021210        0.945923        1.256104      199
        1.791361        3.437195        0.148346        2.287109        0.010315        0.900879        3.800446        0.120422        2.748230        0.021210        0.945923        1.256104       46
        1.791361        3.437195        0.148346        2.287109        0.010315        0.900879        3.800446        0.120422        2.748230        0.021210        0.945923        1.256104      291
        1.791361        3.437195        0.148346        2.287109        0.010315        0.900879        3.800446        0.120422        2.748230        0.021210        0.945923        1.256104      366
        1.791361        3.437195        0.148346        2.287109        0.010315        0.900879        3.800446        0.120422        2.748230        0.021210        0.945923        1.256104      379
        1.791361        3.437195        0.148346        2.287109        0.010315        0.900879        3.800446        0.120422        2.748230        0.021210        0.945923        1.256104       63
        1.791361        3.437195        0.148346        2.287109        0.010315        0.900879        3.800446        0.120422        2.748230        0.021210        0.945923        1.256104      335
        1.791361        3.437195        0.148346        2.287109        0.010315        0.900879        3.800446        0.120422        2.748230        0.021210        0.945923        1.256104      140
        1.791361        3.437195        0.148346        2.287109        0.010315        0.900879        3.800446        0.120422        2.748230        0.021210        0.945923        1.256104      293
        1.791361        3.437195        0.148346        2.287109        0.010315        0.900879        3.800446        0.120422        2.748230        0.021210        0.945923        1.256104      257
        1.791361        3.437195        0.148346        2.287109        0.010315        0.900879        3.800446        0.120422        2.748230        0.021210        0.945923        1.256104      244
        1.791361        3.437195        0.148346        2.287109        0.010315        0.900879        3.800446        0.120422        2.748230        0.021210        0.945923        1.256104      185
        1.791361        3.437195        0.148346        2.287109        0.010315        0.900879        3.800446        0.120422        2.748230        0.021210        0.945923        1.256104      367
        1.791361        3.437195        0.148346        2.287109        0.010315        0.900879        3.800446        0.120422        2.748230        0.021210        0.945923        1.256104      386
        1.791361        3.437195        0.148346        2.287109        0.010315        0.900879        3.800446        0.120422        2.748230        0.021210        0.945923        1.256104      409
        1.791361        3.437195        0.148346        2.287109        0.010315        0.900879        3.800446        0.120422        2.748230        0.021210        0.945923        1.256104      431
        1.791361        3.437195        0.148346        2.287109        0.010315        0.900879        3.800446        0.120422        2.748230        0.021210        0.945923        1.256104      357
        1.791361        3.437195        0.148346        2.287109        0.010315        0.900879        3.800446        0.120422        2.748230        0.021210        0.945923        1.256104      429
        1.791361        3.437195        0.148346        2.287109        0.010315        0.900879        3.800446        0.120422        2.748230        0.021210        0.945923        1.256104      347
        1.791361        3.437195        0.148346        2.287109        0.010315        0.900879        3.800446        0.120422        2.748230        0.021210        0.945923        1.256104       79
        1.791361        3.437195        0.148346        2.287109        0.010315        0.900879        3.800446        0.120422        2.748230        0.021210        0.945923        1.256104      208
        1.791361        3.437195        0.148346        2.287109        0.010315        0.900879        3.800446        0.120422        2.748230        0.021210        0.945923        1.256104      237
        1.791361        3.437195        0.148346        2.287109        0.010315        0.900879        3.800446        0.120422        2.748230        0.021210        0.945923        1.256104      368
        1.791361        3.437195        0.148346        2.287109        0.010315        0.900879        3.800446        0.120422        2.748230        0.021210        0.945923        1.256104      420
        1.791361        3.437195        0.148346        2.287109        0.010315        0.900879        3.800446        0.120422        2.748230        0.021210        0.945923        1.256104      338
        1.791361        3.437195        0.148346        2.287109        0.010315        0.900879        3.800446        0.120422        2.748230        0.021210        0.945923        1.256104      390
        1.791361        3.437195        0.148346        2.287109        0.010315        0.900879        3.800446        0.120422        2.748230        0.021210        0.945923        1.256104      183
        1.791361        3.437195        0.148346        2.287109        0.010315        0.900879        3.800446        0.120422        2.748230        0.021210        0.945923        1.256104      423
        1.791361        3.437195        0.148346        2.287109        0.010315        0.900879        3.800446        0.120422        2.748230        0.021210        0.945923        1.256104      261
        1.791361        3.437195        0.148346        2.287109        0.010315        0.900879        3.800446        0.120422        2.748230        0.021210        0.945923        1.256104      356
        1.791361        3.437195        0.148346        2.287109        0.010315        0.900879        3.800446        0.120422        2.748230        0.021210        0.945923        1.256104       93
        1.791361        3.437195        0.148346        2.287109        0.010315        0.900879        3.800446        0.120422        2.748230        0.021210        0.945923        1.256104      225
        1.791361        3.437195        0.148346        2.287109        0.010315        0.900879        3.800446        0.120422        2.748230        0.021210        0.945923        1.256104      300
        1.791361        3.437195        0.148346        2.287109        0.010315        0.900879        3.800446        0.120422        2.748230        0.021210        0.945923        1.256104       26
        1.791361        3.437195        0.148346        2.287109        0.010315        0.900879        3.800446        0.120422        2.748230        0.021210        0.945923        1.256104      239
        1.791361        3.437195        0.148346        2.287109        0.010315        0.900879        3.800446        0.120422        2.748230        0.021210        0.945923        1.256104      251
        1.791361        3.437195        0.148346        2.287109        0.010315        0.900879        3.800446        0.120422        2.748230        0.021210        0.945923        1.256104      174
        1.791361        3.437195        0.148346        2.287109        0.010315        0.900879        3.800446        0.120422        2.748230        0.021210        0.945923        1.256104      308
        1.791361        3.437195        0.148346        2.287109        0.010315        0.900879        3.800446        0.120422        2.748230        0.021210        0.945923        1.256104      203
        1.791361        3.437195        0.148346        2.287109        0.010315        0.900879        3.800446        0.120422        2.748230        0.021210        0.945923        1.256104      179
        1.791361        3.437195        0.148346        2.287109        0.010315        0.900879        3.800446        0.120422        2.748230        0.021210        0.945923        1.256104      136
        1.791361        3.437195        0.148346        2.287109        0.010315        0.900879        3.800446        0.120422        2.748230        0.021210        0.945923        1.256104      282
        1.791361        3.437195        0.148346        2.287109        0.010315        0.900879        3.800446        0.120422        2.748230        0.021210        0.945923        1.256104       86
        1.791361        3.437195        0.148346        2.287109        0.010315        0.900879        3.800446        0.120422        2.748230        0.021210        0.945923        1.256104      336
        1.791361        3.437195        0.148346        2.287109        0.010315        0.900879        3.800446        0.120422        2.748230        0.021210        0.945923        1.256104      245
        1.791361        3.437195        0.148346        2.287109        0.010315        0.900879        3.800446        0.120422        2.748230        0.021210        0.945923        1.256104      217
        1.791361        3.437195        0.148346        2.287109        0.010315        0.900879        3.800446        0.120422        2.748230        0.021210        0.945923        1.256104      111
        1.791361        3.437195        0.148346        2.287109        0.010315        0.900879        3.800446        0.120422        2.748230        0.021210        0.945923        1.256104      237
        1.791361        3.437195        0.148346        2.287109        0.010315        0.900879        3.800446        0.120422        2.748230        0.021210        0.945923        1.256104       89
        1.791361        3.437195        0.148346        2.287109        0.010315        0.900879        3.800446        0.120422        2.748230        0.021210        0.945923        1.256104      428
        1.791361        3.437195        0.148346        2.287109        0.010315        0.900879        3.800446        0.120422        2.748230        0.021210        0.945923        1.256104       33
        1.791361        3.437195        0.148346        2.287109        0.010315        0.900879        3.800446        0.120422        2.748230        0.021210        0.945923        1.256104       69
        1.791361        3.437195        0.148346        2.287109        0.010315        0.900879        3.800446        0.120422        2.748230        0.021210        0.945923        1.256104      163
        1.791361        3.437195        0.148346        2.287109        0.010315        0.900879        3.800446        0.120422        2.748230        0.021210        0.945923        1.256104      146
        1.791361        3.437195        0.148346        2.287109        0.010315        0.900879        3.800446        0.120422        2.748230        0.021210        0.945923        1.256104      217
        1.791361        3.437195        0.148346        2.287109        0.010315        0.900879        3.800446        0.120422        2.748230        0.021210        0.945923        1.256104       80
        1.791361        3.437195        0.148346        2.287109        0.010315        0.900879        3.800446        0.120422        2.748230        0.021210        0.945923        1.256104      166
        1.791361        3.437195        0.148346        2.287109        0.010315        0.900879        3.800446        0.120422        2.748230        0.021210        0.945923        1.256104      378
        1.791361        3.437195        0.148346        2.287109        0.010315        0.900879        3.800446        0.120422        2.748230        0.021210        0.945923        1.256104      274
        1.791361        3.437195        0.148346        2.287109        0.010315        0.900879        3.800446        0.120422        2.748230        0.021210        0.945923        1.256104      305
        1.791361        3.437195        0.148346        2.287109        0.010315        0.900879        3.800446        0.120422        2.748230        0.021210        0.945923        1.256104      388
        1.791361        3.437195        0.148346        2.287109        0.010315        0.900879        3.800446        0.120422        2.748230        0.021210        0.945923        1.256104      391
        1.791361        3.437195        0.148346        2.287109        0.010315        0.900879        3.800446        0.120422        2.748230        0.021210        0.945923        1.256104       51
        1.791361        3.437195        0.148346        2.287109        0.010315        0.900879        3.800446        0.120422        2.748230        0.021210        0.945923        1.256104      169
        1.791361        3.437195        0.148346        2.287109        0.010315        0.900879        3.800446        0.120422        2.748230        0.021210        0.945923        1.256104      129
        1.791361        3.437195        0.148346        2.287109        0.010315        0.900879        3.800446        0.120422        2.748230        0.021210        0.945923        1.256104      200
        1.791361        3.437195        0.148346        2.287109        0.010315        0.900879        3.800446        0.120422        2.748230        0.021210        0.945923        1.256104      347
        1.791361        3.437195        0.148346        2.287109        0.010315        0.900879        3.800446        0.120422        2.748230        0.021210        0.945923        1.256104      191
        1.791361        3.437195        0.148346        2.287109        0.010315        0.900879        3.800446        0.120422        2.748230        0.021210        0.945923        1.256104      142
        1.791361        3.437195        0.148346        2.287109        0.010315        0.900879        3.800446        0.120422        2.748230        0.021210        0.945923        1.256104      404
        1.791361        3.437195        0.148346        2.287109        0.010315        0.900879        3.800446        0.120422        2.748230        0.021210        0.945923        1.256104       91
        1.791361        3.437195        0.148346        2.287109        0.010315        0.900879        3.800446        0.120422        2.748230        0.021210        0.945923        1.256104      418
        1.791361        3.437195        0.148346        2.287109        0.010315        0.900879        3.800446        0.120422        2.748230        0.021210        0.945923        1.256104       42
        1.791361        3.437195        0.148346        2.287109        0.010315        0.900879        3.800446        0.120422        2.748230        0.021210        0.945923        1.256104      215
        1.791361        3.437195        0.148346        2.287109        0.010315        0.900879        3.800446        0.120422        2.748230        0.021210        0.945923        1.256104      344
        1.791361        3.437195        0.148346        2.287109        0.010315        0.900879        3.800446        0.120422        2.748230        0.021210        0.945923        1.256104       85
        1.791361        3.437195        0.148346        2.287109        0.010315        0.900879        3.800446        0.120422        2.748230        0.021210        0.945923        1.256104       96
        1.791361        3.437195        0.148346        2.287109        0.010315        0.900879        3.800446        0.120422        2.748230        0.021210        0.945923        1.256104       60
        1.791361        3.437195        0.148346        2.287109        0.010315        0.900879        3.800446        0.120422        2.748230        0.021210        0.945923        1.256104      407
        1.791361        3.437195        0.148346        2.287109        0.010315        0.900879        3.800446        0.120422        2.748230        0.021210        0.945923        1.256104      229
        1.791361        3.437195        0.148346        2.287109        0.010315        0.900879        3.800446        0.120422        2.748230        0.021210        0.945923        1.256104      403
        1.791361        3.437195        0.148346        2.287109        0.010315        0.900879        3.800446        0.120422        2.748230        0.021210        0.945923        1.256104      290
        1.791361        3.437195        0.148346        2.287109        0.010315        0.900879        3.800446        0.120422        2.748230        0.021210        0.945923        1.256104      119
        1.791361        3.437195        0.148346        2.287109        0.010315        0.900879        3.800446        0.120422        2.748230        0.021210        0.945923        1.256104      239
        1.791361        3.437195        0.148346        2.287109        0.010315        0.900879        3.800446        0.120422        2.748230        0.021210        0.945923        1.256104       46
        1.791361        3.437195        0.148346        2.287109        0.010315        0.900879        3.800446        0.120422        2.748230        0.021210        0.945923        1.256104      173
        1.791361        3.437195        0.148346        2.287109        0.010315        0.900879        3.800446        0.120422        2.748230        0.021210        0.945923        1.256104      350
        1.791361        3.437195        0.148346        2.287109        0.010315        0.900879        3.800446        0.120422        2.748230        0.021210        0.945923        1.256104       47
        1.791361        3.437195        0.148346        2.287109        0.010315        0.900879        3.800446        0.120422        2.748230        0.021210        0.945923        1.256104      151
        1.791361        3.437195        0.148346        2.287109        0.010315        0.900879        3.800446        0.120422        2.748230        0.021210        0.945923        1.256104      118
        1.791361        3.437195        0.148346        2.287109        0.010315        0.900879        3.800446        0.120422        2.748230        0.021210        0.945923        1.256104      426
        1.791361        3.437195        0.148346        2.287109        0.010315        0.900879        3.800446        0.120422        2.748230        0.021210        0.945923        1.256104      364
        1.791361        3.437195        0.148346        2.287109        0.010315        0.900879        3.800446        0.120422        2.748230        0.021210        0.945923        1.256104      264
        1.791361        3.437195        0.148346        2.287109        0.010315        0.900879        3.800446        0.120422        2.748230        0.021210        0.945923        1.256104      213
        1.791361        3.437195        0.148346        2.287109        0.010315        0.900879        3.800446        0.120422        2.748230        0.021210        0.945923        1.256104      262
        1.791361        3.437195        0.148346        2.287109        0.010315        0.900879        3.800446        0.120422        2.748230        0.021210        0.945923        1.256104      173
        1.791361        3.437195        0.148346        2.287109        0.010315        0.900879        3.800446        0.120422        2.748230        0.021210        0.945923        1.256104      260
        1.791361        3.437195        0.148346        2.287109        0.010315        0.900879        3.800446        0.120422        2.748230        0.021210        0.945923        1.256104      240
        1.791361        3.437195        0.148346        2.287109        0.010315        0.900879        3.800446        0.120422        2.748230        0.021210        0.945923        1.256104      324
        1.791361        3.437195        0.148346        2.287109        0.010315        0.900879        3.800446        0.120422        2.748230        0.021210        0.945923        1.256104       18
        1.791361        3.437195        0.148346        2.287109        0.010315        0.900879        3.800446        0.120422        2.748230        0.021210        0.945923        1.256104      270
        1.791361        3.437195        0.148346        2.287109        0.010315        0.900879        3.800446        0.120422        2.748230        0.021210        0.945923        1.256104      232
        1.791361        3.437195        0.148346        2.287109        0.010315        0.900879        3.800446        0.120422        2.748230        0.021210        0.945923        1.256104      335
        1.791361        3.437195        0.148346        2.287109        0.010315        0.900879        3.800446        0.120422        2.748230        0.021210        0.945923        1.256104      276
        1.791361        3.437195        0.148346        2.287109        0.010315        0.900879        3.800446        0.120422        2.748230        0.021210        0.945923        1.256104      409
        1.791361        3.437195        0.148346        2.287109        0.010315        0.900879        3.800446        0.120422        2.748230        0.021210        0.945923        1.256104      112
        1.791361        3.437195        0.148346        2.287109        0.010315        0.900879        3.800446        0.120422        2.748230        0.021210        0.945923        1.256104      212
        1.791361        3.437195        0.148346        2.287109        0.010315        0.900879        3.800446        0.120422        2.748230        0.021210        0.945923        1.256104       47
        1.791361        3.437195        0.148346        2.287109        0.010315        0.900879        3.800446        0.120422        2.748230        0.021210        0.945923        1.256104      361
        1.791361        3.437195        0.148346        2.287109        0.010315        0.900879        3.800446        0.120422        2.748230        0.021210        0.945923        1.256104      402
        1.791361        3.437195        0.148346        2.287109        0.010315        0.900879        3.800446        0.120422        2.748230        0.021210        0.945923        1.256104       90
        1.791361        3.437195        0.148346        2.287109        0.010315        0.900879        3.800446        0.120422        2.748230        0.021210        0.945923        1.256104       64
        1.791361        3.437195        0.148346        2.287109        0.010315        0.900879        3.800446        0.120422        2.748230        0.021210        0.945923        1.256104      179
        1.791361        3.437195        0.148346        2.287109        0.010315        0.900879        3.800446        0.120422        2.748230        0.021210        0.945923        1.256104      357
        1.791361        3.437195        0.148346        2.287109        0.010315        0.900879        3.800446        0.120422        2.748230        0.021210        0.945923        1.256104      427
        1.791361        3.437195        0.148346        2.287109        0.010315        0.900879        3.800446        0.120422        2.748230        0.021210        0.945923        1.256104      428
        1.791361        3.437195        0.148346        2.287109        0.010315        0.900879        3.800446        0.120422        2.748230        0.021210        0.945923        1.256104      380
        1.791361        3.437195        0.148346        2.287109        0.010315        0.900879        3.800446        0.120422        2.748230        0.021210        0.945923        1.256104      180
        1.791361        3.437195        0.148346        2.287109        0.010315        0.900879        3.800446        0.120422        2.748230        0.021210        0.945923        1.256104      218
        1.791361        3.437195        0.148346        2.287109        0.010315        0.900879        3.800446        0.120422        2.748230        0.021210        0.945923        1.256104      206
        1.791361        3.437195        0.148346        2.287109        0.010315        0.900879        3.800446        0.120422        2.748230        0.021210        0.945923        1.256104      275
        1.791361        3.437195        0.148346        2.287109        0.010315        0.900879        3.800446        0.120422        2.748230        0.021210        0.945923        1.256104       24
        1.791361        3.437195        0.148346        2.287109        0.010315        0.900879        3.800446        0.120422        2.748230        0.021210        0.945923        1.256104       48
        1.791361        3.437195        0.148346        2.287109        0.010315        0.900879        3.800446        0.120422        2.748230        0.021210        0.945923        1.256104      333
        1.791361        3.437195        0.148346        2.287109        0.010315        0.900879        3.800446        0.120422        2.748230        0.021210        0.945923        1.256104      158
        1.791361        3.437195        0.148346        2.287109        0.010315        0.900879        3.800446        0.120422        2.748230        0.021210        0.945923        1.256104      243
        1.791361        3.437195        0.148346        2.287109        0.010315        0.900879        3.800446        0.120422        2.748230        0.021210        0.945923        1.256104      167
        1.791361        3.437195        0.148346        2.287109        0.010315        0.900879        3.800446        0.120422        2.748230        0.021210        0.945923        1.256104      112
        1.791361        3.437195        0.148346        2.287109        0.010315        0.900879        3.800446        0.120422        2.748230        0.021210        0.945923        1.256104      403
        1.791361        3.437195        0.148346        2.287109        0.010315        0.900879        3.800446        0.120422        2.748230        0.021210        0.945923        1.256104      148
        1.791361        3.437195        0.148346        2.287109        0.010315        0.900879        3.800446        0.120422        2.748230        0.021210        0.945923        1.256104      365
        1.791361        3.437195        0.148346        2.287109        0.010315        0.900879        3.800446        0.120422        2.748230        0.021210        0.945923        1.256104      184
        1.791361        3.437195        0.148346        2.287109        0.010315        0.900879        3.800446        0.120422        2.748230        0.021210        0.945923        1.256104       70
        1.791361        3.437195        0.148346        2.287109        0.010315        0.900879        3.800446        0.120422        2.748230        0.021210        0.945923        1.256104       59
        1.791361        3.437195        0.148346        2.287109        0.010315        0.900879        3.800446        0.120422        2.748230        0.021210        0.945923        1.256104      304
        1.791361        3.437195        0.148346        2.287109        0.010315        0.900879        3.800446        0.120422        2.748230        0.021210        0.945923        1.256104       95
        1.791361        3.437195        0.148346        2.287109        0.010315        0.900879        3.800446        0.120422        2.748230        0.021210        0.945923        1.256104      220
        1.791361        3.437195        0.148346        2.287109        0.010315        0.900879        3.800446        0.120422        2.748230        0.021210        0.945923        1.256104      117
        1.791361        3.437195        0.148346        2.287109        0.010315        0.900879        3.800446        0.120422        2.748230        0.021210        0.945923        1.256104      423
        1.791361        3.437195        0.148346        2.287109        0.010315        0.900879        3.800446        0.120422        2.748230        0.021210        0.945923        1.256104       36
        1.791361        3.437195        0.148346        2.287109        0.010315        0.900879        3.800446        0.120422        2.748230        0.021210        0.945923        1.256104      279
        1.791361        3.437195        0.148346        2.287109        0.010315        0.900879        3.800446        0.120422        2.748230        0.021210        0.945923        1.256104      108
        1.791361        3.437195        0.148346        2.287109        0.010315        0.900879        3.800446        0.120422        2.748230        0.021210        0.945923        1.256104      332
        1.791361        3.437195        0.148346        2.287109        0.010315        0.900879        3.800446        0.120422        2.748230        0.021210        0.945923        1.256104      186
        1.791361        3.437195        0.148346        2.287109        0.010315        0.900879        3.800446        0.120422        2.748230        0.021210        0.945923        1.256104      181
        1.791361        3.437195        0.148346        2.287109        0.010315        0.900879        3.800446        0.120422        2.748230        0.021210        0.945923        1.256104      369
        1.791361        3.437195        0.148346        2.287109        0.010315        0.900879        3.800446        0.120422        2.748230        0.021210        0.945923        1.256104       17
        1.791361        3.437195        0.148346        2.287109        0.010315        0.900879        3.800446        0.120422        2.748230        0.021210        0.945923        1.256104       76
        1.791361        3.437195        0.148346        2.287109        0.010315        0.900879        3.800446        0.120422        2.748230        0.021210        0.945923        1.256104      426
        1.791361        3.437195        0.148346        2.287109        0.010315        0.900879        3.800446        0.120422        2.748230        0.021210        0.945923        1.256104      164
        1.791361        3.437195        0.148346        2.287109        0.010315        0.900879        3.800446        0.120422        2.748230        0.021210        0.945923        1.256104      329
        1.791361        3.437195        0.148346        2.287109        0.010315        0.900879        3.800446        0.120422        2.748230        0.021210        0.945923        1.256104       50
        1.791361        3.437195        0.148346        2.287109        0.010315        0.900879        3.800446        0.120422        2.748230        0.021210        0.945923        1.256104      123
        1.791361        3.437195        0.148346        2.287109        0.010315        0.900879        3.800446        0.120422        2.748230        0.021210        0.945923        1.256104      280
        1.791361        3.437195        0.148346        2.287109        0.010315        0.900879        3.800446        0.120422        2.748230        0.021210        0.945923        1.256104      429
        1.791361        3.437195        0.148346        2.287109        0.010315        0.900879        3.800446        0.120422        2.748230        0.021210        0.945923        1.256104       51
        1.791361        3.437195        0.148346        2.287109        0.010315        0.900879        3.800446        0.120422        2.748230        0.021210        0.945923        1.256104      424
        1.791361        3.437195        0.148346        2.287109        0.010315        0.900879        3.800446        0.120422        2.748230        0.021210        0.945923        1.256104       22
        1.791361        3.437195        0.148346        2.287109        0.010315        0.900879        3.800446        0.120422        2.748230        0.021210        0.945923        1.256104       88
        1.791361        3.437195        0.148346        2.287109        0.010315        0.900879        3.800446        0.120422        2.748230        0.021210        0.945923        1.256104      347
        1.791361        3.437195        0.148346        2.287109        0.010315        0.900879        3.800446        0.120422        2.748230        0.021210        0.945923        1.256104       69
        1.791361        3.437195        0.148346        2.287109        0.010315        0.900879        3.800446        0.120422        2.748230        0.021210        0.945923        1.256104      126
        1.791361        3.437195        0.148346        2.287109        0.010315        0.900879        3.800446        0.120422        2.748230        0.021210        0.945923        1.256104      191
        1.791361        3.437195        0.148346        2.287109        0.010315        0.900879        3.800446        0.120422        2.748230        0.021210        0.945923        1.256104      423
        1.791361        3.437195        0.148346        2.287109        0.010315        0.900879        3.800446        0.120422        2.748230        0.021210        0.945923        1.256104      280
        1.791361        3.437195        0.148346        2.287109        0.010315        0.900879        3.800446        0.120422        2.748230        0.021210        0.945923        1.256104      176
        1.791361        3.437195        0.148346        2.287109        0.010315        0.900879        3.800446        0.120422        2.748230        0.021210        0.945923        1.256104      197
        1.791361        3.437195        0.148346        2.287109        0.010315        0.900879        3.800446        0.120422        2.748230        0.021210        0.945923        1.256104      251
        1.791361        3.437195        0.148346        2.287109        0.010315        0.900879        3.800446        0.120422        2.748230        0.021210        0.945923        1.256104      308
        1.791361        3.437195        0.148346        2.287109        0.010315        0.900879        3.800446        0.120422        2.748230        0.021210        0.945923        1.256104      205
        1.791361        3.437195        0.148346        2.287109        0.010315        0.900879        3.800446        0.120422        2.748230        0.021210        0.945923        1.256104      196
        1.791361        3.437195        0.148346        2.287109        0.010315        0.900879        3.800446        0.120422        2.748230        0.021210        0.945923        1.256104      421
        1.791361        3.437195        0.148346        2.287109        0.010315        0.900879        3.800446        0.120422        2.748230        0.021210        0.945923        1.256104      103
        1.791361        3.437195        0.148346        2.287109        0.010315        0.900879        3.800446        0.120422        2.748230        0.021210        0.945923        1.256104      400
        1.791361        3.437195        0.148346        2.287109        0.010315        0.900879        3.800446        0.120422        2.748230        0.021210        0.945923        1.256104      235
        1.791361        3.437195        0.148346        2.287109        0.010315        0.900879        3.800446        0.120422        2.748230        0.021210        0.945923        1.256104      352
        1.791361        3.437195        0.148346        2.287109        0.010315        0.900879        3.800446        0.120422        2.748230        0.021210        0.945923        1.256104      152
        1.791361        3.437195        0.148346        2.287109        0.010315        0.900879        3.800446        0.120422        2.748230        0.021210        0.945923        1.256104      265
        1.791361        3.437195        0.148346        2.287109        0.010315        0.900879        3.800446        0.120422        2.748230        0.021210        0.945923        1.256104      173
        1.791361        3.437195        0.148346        2.287109        0.010315        0.900879        3.800446        0.120422        2.748230        0.021210        0.945923        1.256104      375
        1.791361        3.437195        0.148346        2.287109        0.010315        0.900879        3.800446        0.120422        2.748230        0.021210        0.945923        1.256104      369
        1.791361        3.437195        0.148346        2.287109        0.010315        0.900879        3.800446        0.120422        2.748230        0.021210        0.945923        1.256104      142
        1.791361        3.437195        0.148346        2.287109        0.010315        0.900879        3.800446        0.120422        2.748230        0.021210        0.945923        1.256104      134
        1.791361        3.437195        0.148346        2.287109        0.010315        0.900879        3.800446        0.120422        2.748230        0.021210        0.945923        1.256104      137
        1.791361        3.437195        0.148346        2.287109        0.010315        0.900879        3.800446        0.120422        2.748230        0.021210        0.945923        1.256104      340
        1.791361        3.437195        0.148346        2.287109        0.010315        0.900879        3.800446        0.120422        2.748230        0.021210        0.945923        1.256104      384
        1.791361        3.437195        0.148346        2.287109        0.010315        0.900879        3.800446        0.120422        2.748230        0.021210        0.945923        1.256104      213
        1.791361        3.437195        0.148346        2.287109        0.010315        0.900879        3.800446        0.120422        2.748230        0.021210        0.945923        1.256104      253
        1.791361        3.437195        0.148346        2.287109        0.010315        0.900879        3.800446        0.120422        2.748230        0.021210        0.945923        1.256104      389
        1.791361        3.437195        0.148346        2.287109        0.010315        0.900879        3.800446        0.120422        2.748230        0.021210        0.945923        1.256104       30
        1.791361        3.437195        0.148346        2.287109        0.010315        0.900879        3.800446        0.120422        2.748230        0.021210        0.945923        1.256104       97
        1.791361        3.437195        0.148346        2.287109        0.010315        0.900879        3.800446        0.120422        2.748230        0.021210        0.945923        1.256104      200
        1.791361        3.437195        0.148346        2.287109        0.010315        0.900879        3.800446        0.120422        2.748230        0.021210        0.945923        1.256104      312
        1.791361        3.437195        0.148346        2.287109        0.010315        0.900879        3.800446        0.120422        2.748230        0.021210        0.945923        1.256104      378
        1.791361        3.437195        0.148346        2.287109        0.010315        0.900879        3.800446        0.120422        2.748230        0.021210        0.945923        1.256104      425
        1.791361        3.437195        0.148346        2.287109        0.010315        0.900879        3.800446        0.120422        2.748230        0.021210        0.945923        1.256104       41
        1.791361        3.437195        0.148346        2.287109        0.010315        0.900879        3.800446        0.120422        2.748230        0.021210        0.945923        1.256104      388
        1.791361        3.437195        0.148346        2.287109        0.010315        0.900879        3.800446        0.120422        2.748230        0.021210        0.945923        1.256104      192
        1.791361        3.437195        0.148346        2.287109        0.010315        0.900879        3.800446        0.120422        2.748230        0.021210        0.945923        1.256104      317
        1.791361        3.437195        0.148346        2.287109        0.010315        0.900879        3.800446        0.120422        2.748230        0.021210        0.945923        1.256104      191
        1.791361        3.437195        0.148346        2.287109        0.010315        0.900879        3.800446        0.120422        2.748230        0.021210        0.945923        1.256104      219
        1.791361        3.437195        0.148346        2.287109        0.010315        0.900879        3.800446        0.120422        2.748230        0.021210        0.945923        1.256104       65
        1.791361        3.437195        0.148346        2.287109        0.010315        0.900879        3.800446        0.120422        2.748230        0.021210        0.945923        1.256104      296
        1.791361        3.437195        0.148346        2.287109        0.010315        0.900879        3.800446        0.120422        2.748230        0.021210        0.945923        1.256104      217
        1.791361        3.437195        0.148346        2.287109        0.010315        0.900879        3.800446        0.120422        2.748230        0.021210        0.945923        1.256104       82
        1.791361        3.437195        0.148346        2.287109        0.010315        0.900879        3.800446        0.120422        2.748230        0.021210        0.945923        1.256104       36
        1.791361        3.437195        0.148346        2.287109        0.010315        0.900879        3.800446        0.120422        2.748230        0.021210        0.945923        1.256104      384
        1.791361        3.437195        0.148346        2.287109        0.010315        0.900879        3.800446        0.120422        2.748230        0.021210        0.945923        1.256104      308
        1.791361        3.437195        0.148346        2.287109        0.010315        0.900879        3.800446        0.120422        2.748230        0.021210        0.945923        1.256104      282
        1.791361        3.437195        0.148346        2.287109        0.010315        0.900879        3.800446        0.120422        2.748230        0.021210        0.945923        1.256104      149
        1.791361        3.437195        0.148346        2.287109        0.010315        0.900879        3.800446        0.120422        2.748230        0.021210        0.945923        1.256104      174
        1.791361        3.437195        0.148346        2.287109        0.010315        0.900879        3.800446        0.120422        2.748230        0.021210        0.945923        1.256104      392
        1.791361        3.437195        0.148346        2.287109        0.010315        0.900879        3.800446        0.120422        2.748230        0.021210        0.945923        1.256104      412
        1.791361        3.437195        0.148346        2.287109        0.010315        0.900879        3.800446        0.120422        2.748230        0.021210        0.945923        1.256104      413
        1.791361        3.437195        0.148346        2.287109        0.010315        0.900879        3.800446        0.120422        2.748230        0.021210        0.945923        1.256104      280
        1.791361        3.437195        0.148346        2.287109        0.010315        0.900879        3.800446        0.120422        2.748230        0.021210        0.945923        1.256104      140
        1.791361        3.437195        0.148346        2.287109        0.010315        0.900879        3.800446        0.120422        2.748230        0.021210        0.945923        1.256104      201
        1.791361        3.437195        0.148346        2.287109        0.010315        0.900879        3.800446        0.120422        2.748230        0.021210        0.945923        1.256104      311
        1.791361        3.437195        0.148346        2.287109        0.010315        0.900879        3.800446        0.120422        2.748230        0.021210        0.945923        1.256104       22
        1.791361        3.437195        0.148346        2.287109        0.010315        0.900879        3.800446        0.120422        2.748230        0.021210        0.945923        1.256104      370
        1.791361        3.437195        0.148346        2.287109        0.010315        0.900879        3.800446        0.120422        2.748230        0.021210        0.945923        1.256104      395
        1.791361        3.437195        0.148346        2.287109        0.010315        0.900879        3.800446        0.120422        2.748230        0.021210        0.945923        1.256104       94
        1.791361        3.437195        0.148346        2.287109        0.010315        0.900879        3.800446        0.120422        2.748230        0.021210        0.945923        1.256104      129
        1.791361        3.437195        0.148346        2.287109        0.010315        0.900879        3.800446        0.120422        2.748230        0.021210        0.945923        1.256104      238
        1.791361        3.437195        0.148346        2.287109        0.010315        0.900879        3.800446        0.120422        2.748230        0.021210        0.945923        1.256104       56
        1.791361        3.437195        0.148346        2.287109        0.010315        0.900879        3.800446        0.120422        2.748230        0.021210        0.945923        1.256104      138
        1.791361        3.437195        0.148346        2.287109        0.010315        0.900879        3.800446        0.120422        2.748230        0.021210        0.945923        1.256104      301
        1.791361        3.437195        0.148346        2.287109        0.010315        0.900879        3.800446        0.120422        2.748230        0.021210        0.945923        1.256104       45
        1.791361        3.437195        0.148346        2.287109        0.010315        0.900879        3.800446        0.120422        2.748230        0.021210        0.945923        1.256104       72
        1.791361        3.437195        0.148346        2.287109        0.010315        0.900879        3.800446        0.120422        2.748230        0.021210        0.945923        1.256104      194
        1.791361        3.437195        0.148346        2.287109        0.010315        0.900879        3.800446        0.120422        2.748230        0.021210        0.945923        1.256104       80
        1.791361        3.437195        0.148346        2.287109        0.010315        0.900879        3.800446        0.120422        2.748230        0.021210        0.945923        1.256104       45
        1.791361        3.437195        0.148346        2.287109        0.010315        0.900879        3.800446        0.120422        2.748230        0.021210        0.945923        1.256104       50
        1.791361        3.437195        0.148346        2.287109        0.010315        0.900879        3.800446        0.120422        2.748230        0.021210        0.945923        1.256104      329
        1.791361        3.437195        0.148346        2.287109        0.010315        0.900879        3.800446        0.120422        2.748230        0.021210        0.945923        1.256104      155
        1.791361        3.437195        0.148346        2.287109        0.010315        0.900879        3.800446        0.120422        2.748230        0.021210        0.945923        1.256104      397
        1.791361        3.437195        0.148346        2.287109        0.010315        0.900879        3.800446        0.120422        2.748230        0.021210        0.945923        1.256104      298
        1.791361        3.437195        0.148346        2.287109        0.010315        0.900879        3.800446        0.120422        2.748230        0.021210        0.945923        1.256104      196
        1.791361        3.437195        0.148346        2.287109        0.010315        0.900879        3.800446        0.120422        2.748230        0.021210        0.945923        1.256104      243
        1.791361        3.437195        0.148346        2.287109        0.010315        0.900879        3.800446        0.120422        2.748230        0.021210        0.945923        1.256104      420
        1.791361        3.437195        0.148346        2.287109        0.010315        0.900879        3.800446        0.120422        2.748230        0.021210        0.945923        1.256104      266
        1.791361        3.437195        0.148346        2.287109        0.010315        0.900879        3.800446        0.120422        2.748230        0.021210        0.945923        1.256104      106
        1.791361        3.437195        0.148346        2.287109        0.010315        0.900879        3.800446        0.120422        2.748230        0.021210        0.945923        1.256104      219
        1.791361        3.437195        0.148346        2.287109        0.010315        0.900879        3.800446        0.120422        2.748230        0.021210        0.945923        1.256104      239
        1.791361        3.437195        0.148346        2.287109        0.010315        0.900879        3.800446        0.120422        2.748230        0.021210        0.945923        1.256104      167
        1.791361        3.437195        0.148346        2.287109        0.010315        0.900879        3.800446        0.120422        2.748230        0.021210        0.945923        1.256104      102
        1.791361        3.437195        0.148346        2.287109        0.010315        0.900879        3.800446        0.120422        2.748230        0.021210        0.945923        1.256104      388
        1.791361        3.437195        0.148346        2.287109        0.010315        0.900879        3.800446        0.120422        2.748230        0.021210        0.945923        1.256104      247
        1.791361        3.437195        0.148346        2.287109        0.010315        0.900879        3.800446        0.120422        2.748230        0.021210        0.945923        1.256104      198
        1.791361        3.437195        0.148346        2.287109        0.010315        0.900879        3.800446        0.120422        2.748230        0.021210        0.945923        1.256104      345
        1.791361        3.437195        0.148346        2.287109        0.010315        0.900879        3.800446        0.120422        2.748230        0.021210        0.945923        1.256104      313
        1.791361        3.437195        0.148346        2.287109        0.010315        0.900879        3.800446        0.120422        2.748230        0.021210        0.945923        1.256104      381
        1.791361        3.437195        0.148346        2.287109        0.010315        0.900879        3.800446        0.120422        2.748230        0.021210        0.945923        1.256104       19
        1.791361        3.437195        0.148346        2.287109        0.010315        0.900879        3.800446        0.120422        2.748230        0.021210        0.945923        1.256104       22
        1.791361        3.437195        0.148346        2.287109        0.010315        0.900879        3.800446        0.120422        2.748230        0.021210        0.945923        1.256104      283
        1.791361        3.437195        0.148346        2.287109        0.010315        0.900879        3.800446        0.120422        2.748230        0.021210        0.945923        1.256104      183
        1.791361        3.437195        0.148346        2.287109        0.010315        0.900879        3.800446        0.120422        2.748230        0.021210        0.945923        1.256104      254
        1.791361        3.437195        0.148346        2.287109        0.010315        0.900879        3.800446        0.120422        2.748230        0.021210        0.945923        1.256104      278
        1.791361        3.437195        0.148346        2.287109        0.010315        0.900879        3.800446        0.120422        2.748230        0.021210        0.945923        1.256104      253
        1.791361        3.437195        0.148346        2.287109        0.010315        0.900879        3.800446        0.120422        2.748230        0.021210        0.945923        1.256104       70
        1.791361        3.437195        0.148346        2.287109        0.010315        0.900879        3.800446        0.120422        2.748230        0.021210        0.945923        1.256104      137
        1.791361        3.437195        0.148346        2.287109        0.010315        0.900879        3.800446        0.120422        2.748230        0.021210        0.945923        1.256104       38
        1.791361        3.437195        0.148346        2.287109        0.010315        0.900879        3.800446        0.120422        2.748230        0.021210        0.945923        1.256104      195
        1.791361        3.437195        0.148346        2.287109        0.010315        0.900879        3.800446        0.120422        2.748230        0.021210        0.945923        1.256104      166
        1.791361        3.437195        0.148346        2.287109        0.010315        0.900879        3.800446        0.120422        2.748230        0.021210        0.945923        1.256104      364
        1.791361        3.437195        0.148346        2.287109        0.010315        0.900879        3.800446        0.120422        2.748230        0.021210        0.945923        1.256104      119
        1.791361        3.437195        0.148346        2.287109        0.010315        0.900879        3.800446        0.120422        2.748230        0.021210        0.945923        1.256104      223
        1.791361        3.437195        0.148346        2.287109        0.010315        0.900879        3.800446        0.120422        2.748230        0.021210        0.945923        1.256104      124
        1.791361        3.437195        0.148346        2.287109        0.010315        0.900879        3.800446        0.120422        2.748230        0.021210        0.945923        1.256104       42
        1.791361        3.437195        0.148346        2.287109        0.010315        0.900879        3.800446        0.120422        2.748230        0.021210        0.945923        1.256104      120
        1.791361        3.437195        0.148346        2.287109        0.010315        0.900879        3.800446        0.120422        2.748230        0.021210        0.945923        1.256104      267
        1.791361        3.437195        0.148346        2.287109        0.010315        0.900879        3.800446        0.120422        2.748230        0.021210        0.945923        1.256104      291
        1.791361        3.437195        0.148346        2.287109        0.010315        0.900879        3.800446        0.120422        2.748230        0.021210        0.945923        1.256104       62
        1.791361        3.437195        0.148346        2.287109        0.010315        0.900879        3.800446        0.120422        2.748230        0.021210        0.945923        1.256104      172
        1.791361        3.437195        0.148346        2.287109        0.010315        0.900879        3.800446        0.120422        2.748230        0.021210        0.945923        1.256104      346
        1.791361        3.437195        0.148346        2.287109        0.010315        0.900879        3.800446        0.120422        2.748230        0.021210        0.945923        1.256104      309
        1.791361        3.437195        0.148346        2.287109        0.010315        0.900879        3.800446        0.120422        2.748230        0.021210        0.945923        1.256104      235
        1.791361        3.437195        0.148346        2.287109        0.010315        0.900879        3.800446        0.120422        2.748230        0.021210        0.945923        1.256104      108
        1.791361        3.437195        0.148346        2.287109        0.010315        0.900879        3.800446        0.120422        2.748230        0.021210        0.945923        1.256104       70
        1.791361        3.437195        0.148346        2.287109        0.010315        0.900879        3.800446        0.120422        2.748230        0.021210        0.945923        1.256104      411
        1.791361        3.437195        0.148346        2.287109        0.010315        0.900879        3.800446        0.120422        2.748230        0.021210        0.945923        1.256104      382
        1.791361        3.437195        0.148346        2.287109        0.010315        0.900879        3.800446        0.120422        2.748230        0.021210        0.945923        1.256104      173
        1.791361        3.437195        0.148346        2.287109        0.010315        0.900879        3.800446        0.120422        2.748230        0.021210        0.945923        1.256104      276
        1.791361        3.437195        0.148346        2.287109        0.010315        0.900879        3.800446        0.120422        2.748230        0.021210        0.945923        1.256104       89
        1.791361        3.437195        0.148346        2.287109        0.010315        0.900879        3.800446        0.120422        2.748230        0.021210        0.945923        1.256104      377
        1.791361        3.437195        0.148346        2.287109        0.010315        0.900879        3.800446        0.120422        2.748230        0.021210        0.945923        1.256104      286
        1.791361        3.437195        0.148346        2.287109        0.010315        0.900879        3.800446        0.120422        2.748230        0.021210        0.945923        1.256104      379
        1.791361        3.437195        0.148346        2.287109        0.010315        0.900879        3.800446        0.120422        2.748230        0.021210        0.945923        1.256104       36
        1.791361        3.437195        0.148346        2.287109        0.010315        0.900879        3.800446        0.120422        2.748230        0.021210        0.945923        1.256104      311
        1.791361        3.437195        0.148346        2.287109        0.010315        0.900879        3.800446        0.120422        2.748230        0.021210        0.945923        1.256104      129
        1.791361        3.437195        0.148346        2.287109        0.010315        0.900879        3.800446        0.120422        2.748230        0.021210        0.945923        1.256104      417
        1.791361        3.437195        0.148346        2.287109        0.010315        0.900879        3.800446        0.120422        2.748230        0.021210        0.945923        1.256104       58
        1.791361        3.437195        0.148346        2.287109        0.010315        0.900879        3.800446        0.120422        2.748230        0.021210        0.945923        1.256104       68
        1.791361        3.437195        0.148346        2.287109        0.010315        0.900879        3.800446        0.120422        2.748230        0.021210        0.945923        1.256104      374
        1.791361        3.437195        0.148346        2.287109        0.010315        0.900879        3.800446        0.120422        2.748230        0.021210        0.945923        1.256104      167
        1.791361        3.437195        0.148346        2.287109        0.010315        0.900879        3.800446        0.120422        2.748230        0.021210        0.945923        1.256104      261
        1.791361        3.437195        0.148346        2.287109        0.010315        0.900879        3.800446        0.120422        2.748230        0.021210        0.945923        1.256104      232
        1.791361        3.437195        0.148346        2.287109        0.010315        0.900879        3.800446        0.120422        2.748230        0.021210        0.945923        1.256104       16
        1.791361        3.437195        0.148346        2.287109        0.010315        0.900879        3.800446        0.120422        2.748230        0.021210        0.945923        1.256104      169
        1.791361        3.437195        0.148346        2.287109        0.010315        0.900879        3.800446        0.120422        2.748230        0.021210        0.945923        1.256104      196
        1.791361        3.437195        0.148346        2.287109        0.010315        0.900879        3.800446        0.120422        2.748230        0.021210        0.945923        1.256104      285
        1.791361        3.437195        0.148346        2.287109        0.010315        0.900879        3.800446        0.120422        2.748230        0.021210        0.945923        1.256104      350
        1.791361        3.437195        0.148346        2.287109        0.010315        0.900879        3.800446        0.120422        2.748230        0.021210        0.945923        1.256104      359
        1.791361        3.437195        0.148346        2.287109        0.010315        0.900879        3.800446        0.120422        2.748230        0.021210        0.945923        1.256104       72
        1.791361        3.437195        0.148346        2.287109        0.010315        0.900879        3.800446        0.120422        2.748230        0.021210        0.945923        1.256104      303
        1.791361        3.437195        0.148346        2.287109        0.010315        0.900879        3.800446        0.120422        2.748230        0.021210        0.945923        1.256104      410
        1.791361        3.437195        0.148346        2.287109        0.010315        0.900879        3.800446        0.120422        2.748230        0.021210        0.945923        1.256104      334
        1.791361        3.437195        0.148346        2.287109        0.010315        0.900879        3.800446        0.120422        2.748230        0.021210        0.945923        1.256104      238
        1.791361        3.437195        0.148346        2.287109        0.010315        0.900879        3.800446        0.120422        2.748230        0.021210        0.945923        1.256104       51
        1.791361        3.437195        0.148346        2.287109        0.010315        0.900879        3.800446        0.120422        2.748230        0.021210        0.945923        1.256104      336
        1.791361        3.437195        0.148346        2.287109        0.010315        0.900879        3.800446        0.120422        2.748230        0.021210        0.945923        1.256104      376
        1.791361        3.437195        0.148346        2.287109        0.010315        0.900879        3.800446        0.120422        2.748230        0.021210        0.945923        1.256104      396
        1.791361        3.437195        0.148346        2.287109        0.010315        0.900879        3.800446        0.120422        2.748230        0.021210        0.945923        1.256104       46
        1.791361        3.437195        0.148346        2.287109        0.010315        0.900879        3.800446        0.120422        2.748230        0.021210        0.945923        1.256104       90
        1.791361        3.437195        0.148346        2.287109        0.010315        0.900879        3.800446        0.120422        2.748230        0.021210        0.945923        1.256104      301
        1.791361        3.437195        0.148346        2.287109        0.010315        0.900879        3.800446        0.120422        2.748230        0.021210        0.945923        1.256104      331
        1.791361        3.437195        0.148346        2.287109        0.010315        0.900879        3.800446        0.120422        2.748230        0.021210        0.945923        1.256104      403
        1.791361        3.437195        0.148346        2.287109        0.010315        0.900879        3.800446        0.120422        2.748230        0.021210        0.945923        1.256104       57
        1.791361        3.437195        0.148346        2.287109        0.010315        0.900879        3.800446        0.120422        2.748230        0.021210        0.945923        1.256104       87
        1.791361        3.437195        0.148346        2.287109        0.010315        0.900879        3.800446        0.120422        2.748230        0.021210        0.945923        1.256104       25
        1.791361        3.437195        0.148346        2.287109        0.010315        0.900879        3.800446        0.120422        2.748230        0.021210        0.945923        1.256104      334
        1.791361        3.437195        0.148346        2.287109        0.010315        0.900879        3.800446        0.120422        2.748230        0.021210        0.945923        1.256104      414
        1.791361        3.437195        0.148346        2.287109        0.010315        0.900879        3.800446        0.120422        2.748230        0.021210        0.945923        1.256104      165
        1.791361        3.437195        0.148346        2.287109        0.010315        0.900879        3.800446        0.120422        2.748230        0.021210        0.945923        1.256104      240
        1.791361        3.437195        0.148346        2.287109        0.010315        0.900879        3.800446        0.120422        2.748230        0.021210        0.945923        1.256104       50
        1.791361        3.437195        0.148346        2.287109        0.010315        0.900879        3.800446        0.120422        2.748230        0.021210        0.945923        1.256104      313
        1.791361        3.437195        0.148346        2.287109        0.010315        0.900879        3.800446        0.120422        2.748230        0.021210        0.945923        1.256104       51
        1.791361        3.437195        0.148346        2.287109        0.010315        0.900879        3.800446        0.120422        2.748230        0.021210        0.945923        1.256104      378
        1.791361        3.437195        0.148346        2.287109        0.010315        0.900879        3.800446        0.120422        2.748230        0.021210        0.945923        1.256104      112
        1.791361        3.437195        0.148346        2.287109        0.010315        0.900879        3.800446        0.120422        2.748230        0.021210        0.945923        1.256104      317
        1.791361        3.437195        0.148346        2.287109        0.010315        0.900879        3.800446        0.120422        2.748230        0.021210        0.945923        1.256104      270
        1.791361        3.437195        0.148346        2.287109        0.010315        0.900879        3.800446        0.120422        2.748230        0.021210        0.945923        1.256104      306
        1.791361        3.437195        0.148346        2.287109        0.010315        0.900879        3.800446        0.120422        2.748230        0.021210        0.945923        1.256104       27
        1.791361        3.437195        0.148346        2.287109        0.010315        0.900879        3.800446        0.120422        2.748230        0.021210        0.945923        1.256104       55
        1.791361        3.437195        0.148346        2.287109        0.010315        0.900879        3.800446        0.120422        2.748230        0.021210        0.945923        1.256104       40
        1.791361        3.437195        0.148346        2.287109        0.010315        0.900879        3.800446        0.120422        2.748230        0.021210        0.945923        1.256104      327
        1.791361        3.437195        0.148346        2.287109        0.010315        0.900879        3.800446        0.120422        2.748230        0.021210        0.945923        1.256104      151
        1.791361        3.437195        0.148346        2.287109        0.010315        0.900879        3.800446        0.120422        2.748230        0.021210        0.945923        1.256104       36
        1.791361        3.437195        0.148346        2.287109        0.010315        0.900879        3.800446        0.120422        2.748230        0.021210        0.945923        1.256104      403
        1.791361        3.437195        0.148346        2.287109        0.010315        0.900879        3.800446        0.120422        2.748230        0.021210        0.945923        1.256104      343
        1.791361        3.437195        0.148346        2.287109        0.010315        0.900879        3.800446        0.120422        2.748230        0.021210        0.945923        1.256104      134
        1.791361        3.437195        0.148346        2.287109        0.010315        0.900879        3.800446        0.120422        2.748230        0.021210        0.945923        1.256104      275
        1.791361        3.437195        0.148346        2.287109        0.010315        0.900879        3.800446        0.120422        2.748230        0.021210        0.945923        1.256104      292
        1.791361        3.437195        0.148346        2.287109        0.010315        0.900879        3.800446        0.120422        2.748230        0.021210        0.945923        1.256104       89
        1.791361        3.437195        0.148346        2.287109        0.010315        0.900879        3.800446        0.120422        2.748230        0.021210        0.945923        1.256104      243
        1.791361        3.437195        0.148346        2.287109        0.010315        0.900879        3.800446        0.120422        2.748230        0.021210        0.945923        1.256104      194
        1.791361        3.437195        0.148346        2.287109        0.010315        0.900879        3.800446        0.120422        2.748230        0.021210        0.945923        1.256104      138
        1.791361        3.437195        0.148346        2.287109        0.010315        0.900879        3.800446        0.120422        2.748230        0.021210        0.945923        1.256104      360
        1.791361        3.437195        0.148346        2.287109        0.010315        0.900879        3.800446        0.120422        2.748230        0.021210        0.945923        1.256104      386
        1.791361        3.437195        0.148346        2.287109        0.010315        0.900879        3.800446        0.120422        2.748230        0.021210        0.945923        1.256104      267
        1.791361        3.437195        0.148346        2.287109        0.010315        0.900879        3.800446        0.120422        2.748230        0.021210        0.945923        1.256104      279
