-18.318
-12.581
-13.505
-12.458
-11.986
-10.008
-11.311
-12.919
-15.397
-12.202
-5.991
-11.532
-10.302
-13.786
-11.571
-10.881
-13.691
-11.241
-15.863
-11.497
-10.89
-12.177
-11.31
-12.921
-19.423
-7.756
-14.771
-14.887
-8.272
-14.622
-4.22
-5.879
-15.931
-13.871
-10.451
-13.62
-7.61
-15.676
-6.872
-14.298
-10.418
-14.756
-9.282
-12.086
-12.812
-13.187
-11.688
-10.649
-15.251
-11.708
-4.649
-17.144
-14.801
-10.867
-12.6
-8.737
-12.045
-12.213
-12.8
-12.353
-8.202
-12.967
-12.466
-15.463
-6.037
-9.091
-13.983
-11.565
-13.986
-14.368
-10.093
-8.683
-13.665
-15.422
-18.214
-12.283
-16.849
-13.38
-8.839
-14.274
-7.635
-7.745
-11.454
-12.594
-11.795
-7.178
-15.184
-12.992
-11.891
-9.929
-13.766
-6.258
-15.286
-6.508
-16.754
-11.653
-15.934
-12.402
-10.291
-13.857
-6.669
-14.247
-13.569
-15.893
-14.622
-16.009
-13.302
-15.536
-4.626
-10.309
-12.93
-13.081
-6.031
-14.065
-10.094
-22.181
-13.1
-14.382
-12.537
-9.826
-14.735
-6.225
-11.953
-13.265
-14.025
-11.447
-14.814
-9.984
-12.645
-11.099
-13.429
-16.063
-10.913
-9.593
-13.61
-10.901
-13.775
-11.3
-13.117
-9.165
-14.977
-13.117
-14.225
-10.309
-14.006
-13.035
-12.699
-9.705
-13.011
-12.512
-9.296
-10.627
-17.365
-11.521
-14.064
-5.094
-12.878
-14.406
-20.192
-8.461
-20.314
-12.107
-15.016
-12.642
-11.855
-6.143
-12.767
-6.735
-10.974
-8.004
-14.203
-12.603
-16.317
-9.984
-12.704
-19.082
-10.659
-15.866
-17.232
-16.045
-9.847
-10.233
-9.736
-12.537
-12.172
-15.4
-14.289
-14.687
-11.104
-8.828
-11.519
-13.151
-13.142
-9.008
-14.48
-10.001
-9.11
-11.129
-13.221
-8.745
-14.703
-9.021
-6.729
-16.222
-6.264
-15.111
-4.542
-15.309
-5.123
-15.234
-13.037
-7.437
-12.586
-9.22
-11.897
-10.567
-8.576
-11.481
-7.962
-11.504
-11.363
-12.538
-5.646
-8.464
-12.758
-13.766
-12.738
-10.775
-14.59
-13.197
-12.252
-12.513
-13.275
-12.743
-5.719
-14.392
-13.52
-14.769
-7.531
-12.76
-5.977
-11.332
-12.331
-11.535
-7.795
-14.93
-11.487
-16.044
-12.366
-9.458
-7.26
-8.48
-12.025
-12.015
-12.693
-8.611
-13.762
-17.308
-8.395
-12.728
-12.886
-14.17
-9.437
-5.053
-11.042
-8.572
-11.301
-16.465
-10.672
-14.752
-11.541
-11.081
-14.177
-11.977
-11.882
-13.113
-11.89
-18.057
-12.442
-16.626
-15.359
-14.745
-12.838
-13.027
-2.345
-13.32
-5.802
-14.678
-12.775
-9.076
-14.086
-13.556
-11.862
-7.841
-12.49
-12.344
-12.724
-14.241
-14.064
-1.391
-9.215
-16.05
-12.914
-12.715
-8.18
-12.274
-12.462
-11.767
-9.632
-11.045
-11.093
-8.541
-10.528
-12.428
-6.982
-6.684
-13.165
-15.351
-15.498
-13.857
-10.469
-15.345
-15.533
-5.197
-9.316
-11.297
-12.131
-12.303
-12.194
-10.715
-12.301
-8.434
-12.305
-12.027
-19.993
-13.987
-7.621
-13.626
-14.262
-11.269
-11.396
-13.185
-13.925
-8.926
-13.856
-9.847
-13.258
-7.368
-11.457
-13.244
-13.657
-8.906
-5.999
-13.866
-12.916
-11.792
-10.612
-4.978
-11.538
-8.78
-15.628
-8.518
-12.694
-9.735
-12.942
-13.938
-10.153
-11.425
-12.922
-17.497
-10.83
-12.881
-8.083
-12.859
-12.858
-18.363
-14.367
-0.454
-16.21
-11.58
-10.328
-12.36
-15.655
-13.51
-13.299
-14.594
-13.647
-12.94
-15.136
-2.203
-13.112
-14.835
-9.85
-9.559
-5.503
-12.175
-12.362
-10.486
-11.583
-6.003
-4.073
-10.483
-11.096
-10.809
-12.669
-14.178
-11.447
-7.657
-14.106
-13.231
-13.428
-12.684
-12.642
-14.098
-14.166
-11.027
-11.845
-11.611
-13.284
-6.869
-14.022
-10.557
-11.91
-11.821
-13.484
-9.779
-17.485
-10.785
-13.442
-14.579
-7.737
-9.09
-16.444
-5.81
-13.666
-2.664
-13.265
-4.09
-13.198
-12.59
-9.348
-14.121
-15.247
-13.288
-15.217
-8.513
-10.865
-15.374
-13.056
-11.094
-16.01
-10.448
-9.508
-15.39
-10.302
-17.398
-5.276
-13.722
-10.239
-13.516
-11.354
-12.511
-8.284
-16.416
-10.105
-9.744
-13.54
-9.173
-10.71
-12.999
-12.002
-8.803
-11.049
-12.382
-7.6
-10.697
-15.16
-12.987
-12.627
-13.07
-15.852
-11.317
-15.197
-16.179
-13.856
-10.056
-15.517
-14.927
-13.336
-9.885
-12.595
-6.344
-11.832
-11.547
-11.774
-9.125
-9.775
-14.956
-4.935
-13.418
-11.434
-12.413
-11.604
-8.013
-6.066
-13.84
-13.948
-14.178
-9.553
-11.741
-18.293
-6.353
-11.51
-9.535
-13.17
-13.625
-20.208
-12.558
-19.86
-15.32
-8.928
-11.064
-13.906
-17.547
-13.822
-18.667
-11.478
-15.378
-15.506
-11.059
-15.848
-14.707
-22.02
-15.011
-14.479
-12.491
-6.786
-12.453
-12.21
-15.302
-9.002
-16.578
-14.235
-11.012
-12.646
-9.365
-11.541
-9.932
-10.547
-13.226
-0.749
-18.471
-11.867
-16.424
-10.334
-17.33
-12.593
-4.321
-15.042
-14.785
-15.378
-18.735
-14.617
-12.583
-14.94
-13.805
-11.9
-10.863
-13.195
-17.875
-12.565
-15.284
-13.606
-6.185
-16.384
-6.22
-13.541
-15.604
-17.913
-17.513
-13.312
-13.926
-8.106
-12.123
-13.369
-9.919
-6.172
-14.615
-13.184
-15.452
-12.93
-13.728
-15.643
-10.316
-9.235
-11.98
-10.565
-15.303
-8.325
-15.351
-17.954
-13.735
-11.401
-15.858
-13.087
-15.873
-15.605
-20.946
-4.89
-14.864
-14.495
-13.014
-13.557
-8.433
-19.074
-16.298
-8.112
-12.994
-16.612
-10.559
-10.277
-13.077
-13.077
-13.085
-16.738
-17.614
-10.421
-8.465
-10.297
-12.994
-8.838
-19.126
-13.696
-13.373
-14.453
-12.179
-10.589
-11.26
-9.572
-12.392
-10.007
-5.031
-15.667
-12.349
-12.609
-14.316
-13.854
-19.98
-15.513
-13.929
-15.424
-18.948
-14.532
-11.848
-14.652
-16.146
-14.387
-13.838
-16.279
-11.818
-15.772
-16.674
-15.39
-14.656
-15.35
-14.683
-11.767
-7.974
-9.271
-13.54
-11.003
-12.967
-16.202
-8.973
-13.606
-15.515
-16.043
-16.616
-17.847
-13.34
-12.819
-13.871
-14.282
-12.761
-14.961
-19.819
-13.341
-12.641
-14.093
-15.055
-18.394
-13.1
-14.784
-14.424
-17.261
-13.821
-11.592
-14.547
-14.532
-13.897
-12.941
-17.207
-12.54
-8.162
-11.651
-7.88
-15.123
-17.601
-13.443
-15.092
-16.704
-18.452
-14.88
-15.335
-15.432
-18.748
-12.627
-13.827
-18.574
-16.645
-26.774
-19.973
-20
-14.409
-19.423
-14.599
-15.122
-8.446
-10.641
-11.975
-18.622
-18.302
-18.111
-17.991
-17.138
-15.372
-14.397
-10.204
-11.014
-17.002
-15.882
-18.293
-15.651
-16.527
-12.508
-13.726
-15.388
-17.057
-14.945
-14.745
-12.435
